21120
20485
14571
14154
14001
12938
13513
12747
13408
13102
15661
12509
13174
14910
12761
12595
14186
11614
11723
11747
11070
13786
12888
9663
13566
12085
10779
13213
10718
13686
10558
12489
12812
11346
10591
16286
11483
14570
12398
12537
17704
11552
13734
11635
11838
13381
15963
12016
9542
8910
9650
11839
9022
11254
10714
9407
14166
9228
11010
11797
10563
9536
11866
10482
9703
13101
16311
25658
22556
21620
24474
20503
24071
22518
29285
21605
24716
20600
25367
20381
23279
25882
21509
23629
23053
21204
22403
21183
24684
20086
24606
22042
22481
23147
23315
22277
21638
21815
23766
20131
26178
22106
26309
22276
25950
22777
26027
21109
23245
35577
39710
30083
28647
25625
26973
23840
24142
24512
21082
22369
20917
24198
24724
21772
24477
20222
24365
22656
25215
21224
25307
20678
21424
24775
21175
24135
22597
23263
25065
20368
23895
22100
23361
19572
23722
24548
21943
24904
21859
23338
23135
29183
22600
32571
29676
30209
29079
31455
25276
25804
22656
25813
32089
24819
24597
22969
25197
26247
23595
19056
26736
22646
22570
26931
24275
24076
23369
21160
24654
23021
23011
24105
28198
32773
27251
20795
24220
25233
23054
22663
24066
27441
21060
25111
22532
26658
24458
21814
24055
25617
21408
26787
23591
25185
20873
24708
21051
14066
10966
11284
12017
13195
14347
10886
14816
9967
12188
10615
11641
12204
11834
11814
11908
10469
9773
11244
10745
9562
10859
13036
10850
13168
9862
11197
13574
9301
11418
12002
8876
9833
11540
9525
9083
11031
12576
10700
12534
9925
10541
12424
11218
12824
14649
10438
14332
10124
9489
11419
11704
9827
14518
9755
11518
12607
10321
9911
13966
9436
10540
11050
11291
9903
12528
9748
10277
11830
11471
9013
12518
9320
11344
11526
9789
9996
11540
9997
10115
12155
9676
9521
11920
9442
9274
12054
10024
9959
11264
9011
12431
11017
10042
9523
11011
9529
11026
12543
10012
9757
10330
11312
9503
9519
10969
9513
9510
11572
10038
10019
12541
10016
10389
11815
9534
10021
11392
9010
10272
12673
9500
9511
12150
10534
11591
13576
11538
13055
12947
9536
11521
10364
9763
11151
11701
10548
11899
10141
10513
11576
10603
8723
13030
10015
9982
11750
9519
9532
11086
9365
9522
10537
10255
9897
11527
9531
9511
11563
10787
9538
9549
12036
9158
9554
12038
9530
9194
11505
9996
9111
12039
9521
10048
11539
9583
9537
12392
9017
9507
13035
8939
10011
12600
9752
9644
10527
9872
9956
12279
10829
10002
12771
11386
9542
13065
10542
9830
11384
10550
9013
11443
9587
9726
22058
25009
20930
23576
23778
21301
26147
26096
27694
22045
20335
29776
25183
22867
30076
24199
24118
25873
20600
24850
24822
21995
23057
21077
25361
22645
24087
27063
22231
24731
24345
23429
21971
24310
21153
24941
21232
26404
22542
22969
22468
25529
26698
22449
28652
24267
26005
24166
25602
21791
25940
21920
24331
21636
23589
23132
24199
20881
22433
24819
22208
21075
26522
24318
27332
24300
25060
26004
21508
25255
21174
24590
23065
23499
21071
25570
21125
23681
26111
25548
23158
23287
24664
21976
22532
21952
25093
22496
24549
24101
24598
20789
25130
22151
26079
24119
23497
25075
22250
23841
22570
25605
21746
25775
23379
25540
20801
24110
23332
23204
21058
25033
21690
29305
22537
25818
25625
22561
25240
24108
29918
22649
25169
25651
24606
24305
32998
28993
29690
31806
25120
29365
24706
26514
24568
31510
24122
27013
23648
25742
16167
11541
12481
9510
9012
9257
10550
9454
9073
11534
9519
11018
11176
10796
11022
12066
10519
9706
13025
9517
10028
10534
11534
9061
12272
9527
9820
11913
9633
9029
11569
10173
9548
12881
10515
10024
12096
8997
9491
11107
10281
9048
11489
9522
9528
11506
9671
9908
11504
9867
9366
12694
10720
10710
11140
9974
9009
10097
11892
10003
11029
10999
11203
11014
13019
9646
11148
10563
9596
10019
10040
9545
11019
10685
9508
9339
10790
10299
10904
10522
10393
9304
11272
10688
9856
11335
10058
9060
11531
9031
9983
12341
9531
9027
12025
9515
9524
11530
10042
10141
11524
9468
10013
11554
23595
22878
22290
22561
21385
24041
21826
22804
22586
21591
22592
22572
21635
23820
21642
27031
21534
24690
22519
24669
21048
23933
23669
24071
25629
22902
24217
22962
25732
30146
25959
28735
23205
22042
24644
20190
22697
24616
24135
21594
25948
22106
23043
25079
21013
25470
20019
24217
28782
23212
26809
22239
25083
21114
31027
24090
27855
25209
26841
25134
26915
25251
27711
26037
26732
25162
24112
26029
20534
25851
23616
24706
21175
25916
22111
27247
21531
23105
25603
20560
23162
23602
21567
25325
21851
23093
23606
22252
25135
20732
24738
22016
24674
22172
22996
23208
21937
22729
21289
24611
22132
24661
24390
24592
23168
27752
23694
24816
23856
28420
22541
24082
23196
22927
22237
27342
25556
25392
22297
33197
27071
24511
23002
22737
24383
22233
24501
21566
22537
24505
21127
25135
21615
24790
22024
25533
23435
20610
25042
22694
25874
20670
17524
9926
12658
11176
14283
13881
14562
10415
12304
10006
10009
12059
9524
11710
10745
11646
9928
12086
8996
12333
12424
12566
12809
9003
9807
11768
9535
9510
12042
9273
10017
13516
9881
10563
12055
10063
10018
12115
11517
10267
13235
9787
10246
11603
13283
14024
11016
11276
13345
10269
10361
12612
11540
12516
12577
10865
10530
10203
10520
10015
11052
8866
10012
12500
9257
9046
12065
11430
10084
9914
10482
9014
11697
8926
9512
12541
9531
10078
13002
9551
9524
11541
9022
10518
15036
10557
9496
11432
10510
9545
10057
10028
16785
12036
9994
14253
10157
9551
12299
10724
9905
12439
9922
9435
12547
10482
9731
15990
10173
10990
12512
9490
10009
11962
9522
9337
11700
10022
10175
11820
10509
9849
12062
11347
9023
13404
9016
10287
12084
9538
9532
11552
10047
9778
11718
9785
9999
10788
8817
10006
15578
10543
9893
13779
10063
9505
11677
12017
10521
12119
8999
12586
10770
9552
10780
12105
9012
9003
11702
9915
10515
11572
9973
9672
11790
9211
10511
12051
9818
9515
11762
9003
10221
12195
9739
9034
10541
11246
8931
11547
9595
9927
12640
12491
10522
14081
8530
15540
9343
10528
13192
9521
10987
11502
10496
9376
11683
9997
10017
12451
10005
8530
21656
30404
23085
24289
22999
22601
23004
25016
22080
25559
22220
28436
23116
26164
23016
26098
23687
23609
23551
22129
25553
20007
26369
22077
26720
24390
24921
21771
24877
23310
25832
21181
27929
21134
26612
21661
23050
21346
25851
20652
21714
25759
24223
22433
26085
22569
25876
20126
26036
22098
24593
22099
24669
22791
22825
22700
25094
20207
22504
23302
22315
24945
22757
27452
22001
23993
27805
23072
19404
24549
21783
25971
21571
25684
24049
26138
21384
24553
25170
19746
25316
22572
25427
21591
25179
22513
22424
24737
21108
24143
21835
24855
24621
20584
22375
24163
20552
24392
23282
20061
25392
23321
22191
21802
22784
25533
20671
23606
22762
24568
21836
22109
23552
24994
21738
23936
28084
24615
24093
24494
21574
22895
24639
22102
20855
25963
21588
23928
22263
25195
22651
24348
22073
23433
22652
25113
22096
24698
25584
26967
25137
23069
24598
22351
16753
11525
9236
13041
9417
10224
11534
9994
9914
13556
11878
12523
12158
11513
8980
11489
10021
10508
12791
9504
10670
10536
10314
9320
12520
12031
10393
13584
11038
12031
11073
9693
13539
12639
11631
12056
9017
9248
12799
10490
11313
14553
9522
13387
9999
10442
13513
10628
10552
13072
9943
10446
11086
9518
9893
12993
11004
12169
12965
9531
9518
13908
11118
15139
9553
9007
12199
9985
9722
12503
9820
10075
12017
10511
9571
13200
10086
12081
12365
10468
10538
12097
10915
12199
14998
13041
10146
10785
11247
12976
10225
10632
12982
10634
10441
12994
11193
9004
11807
9664
9844
12210
10383
10307
11995
10159
10030
11614
10431
10185
11387
9512
10263
12152
10270
10529
13097
10327
9513
11543
9358
9896
12837
9527
10080
11974
9939
9451
12736
9322
9509
13733
9282
12012
11826
11911
10653
13315
9655
11051
12037
9512
9934
11709
11000
10666
13412
9535
13813
10563
10823
9445
12630
9012
11046
12116
9455
11819
11371
13848
11799
10245
9724
12533
9515
9881
13546
9376
10000
12049
10716
9081
12507
8996
10532
13378
8534
10085
11525
11272
9353
11286
10566
10017
11581
9338
10152
11577
10041
9994
12134
9995
10233
12567
8641
10495
12222
10778
9049
12676
9515
14797
22869
30129
24651
24723
20662
23683
21121
19870
27304
26120
20838
24061
21548
21560
25557
24718
26098
21040
25193
21461
23559
21064
26085
22670
23111
23547
26105
25132
21848
22546
24331
19572
21667
22844
21562
23873
22141
24080
20206
24682
21073
26728
26115
23647
23359
21256
20907
23605
21376
25120
22029
26603
20417
25738
22580
23552
20625
27777
21874
23685
22646
25209
21751
25133
21632
23534
21064
24973
21281
24222
21858
21360
25351
20842
24570
21056
24157
21740
23160
24720
22728
25004
21149
23121
23444
28414
24568
26458
23907
27792
21165
22830
25639
23406
25719
20008
25755
22496
24536
22617
27493
21488
22412
23098
24538
20439
23820
23158
26027
20556
26864
22478
24312
21532
23857
23807
22585
25210
22574
23090
21559
26336
23282
24683
22283
21879
27110
22131
25564
20696
21711
22622
23903
20032
23984
21491
23076
24475
20694
23593
23510
21590
26534
20188
24787
22663
22278
24279
22007
25613
20594
23505
26768
26692
21263
29039
24150
24570
21637
26121
22870
26077
21031
26143
23570
25551
22815
31340
24104
23934
25110
29665
23639
22658
21596
24118
25155
23103
25052
22155
24584
22609
22439
25830
25577
25652
24668
23073
25093
20389
23698
19317
12556
11533
10061
9996
13478
8521
9279
10504
11378
10855
11504
9506
10008
10976
10062
9547
10374
12788
9085
12549
11412
9761
13726
9700
11214
13020
9645
10555
13497
9664
13676
12193
11441
10012
12127
11142
11917
10557
9541
10029
12960
9724
13735
11955
9804
12616
8538
9541
12238
9676
12020
13014
9242
11786
14437
11779
11225
11784
10463
9530
12562
9495
10440
11560
9556
9242
11502
9596
10017
12981
9002
10027
10978
9252
9512
11411
9625
9804
11161
10033
10199
11534
9609
10527
11883
9453
9227
12275
9491
10154
11310
9449
11519
9339
11554
9523
9954
11505
9511
9508
11780
11916
27965
24523
24092
21901
24883
24213
19538
25333
21052
21629
24528
28574
24830
19382
23844
22832
20020
27307
22022
24052
20863
25410
22265
23318
22297
22235
23249
22127
23134
22202
21929
24572
22554
30364
22443
25061
22196
22604
22711
25586
20760
25174
21576
25332
20559
24700
21080
21924
22137
25127
20385
23331
22513
25353
23126
21600
24741
19492
25967
22320
23595
21611
21809
26321
21520
27306
22370
20140
21754
27708
22005
21057
23158
25286
20363
24557
21479
24229
20746
23087
23630
20812
25836
22598
24218
22551
25075
21360
23125
21006
23467
23503
21380
23599
24942
21041
26084
22093
23087
21063
23824
20568
21334
26892
21628
22052
22065
22903
22075
21926
24410
22471
23407
32026
114342
32586
27923
26039
22819
24858
21545
23533
23442
21995
23184
24178
21388
22452
22487
24147
20004
25595
21003
25578
24922
23728
20962
20076
23219
25544
20037
22086
13039
10007
12558
9514
11506
10017
10231
10542
10019
10014
12303
10051
9069
11361
9720
9014
10982
10180
9848
11192
11916
9744
10657
9868
9524
10049
9991
9950
9030
11581
9526
9967
11560
10433
9523
13556
10507
10512
12524
10640
9530
12134
9976
11386
10514
12000
10939
12523
10661
12067
10526
9387
11590
10041
8836
12128
9728
8957
11174
10238
9519
12051
11154
8785
10542
9996
9999
12494
9538
10306
10006
12917
11484
12035
10033
9054
11290
10612
10281
12883
10250
10424
12128
11469
9873
13558
9086
10650
11048
10093
10505
13682
12860
8489
13588
9462
10333
10538
9528
10168
11081
9638
10738
11684
8436
9459
11857
9507
9989
11662
10951
10436
13793
10233
11982
12241
11451
9781
14062
9261
9529
10988
10204
9100
12445
9084
10951
11515
11227
9455
11578
10210
10033
11955
9995
8998
13449
9462
9510
13156
9479
9687
11423
9906
10760
13006
9542
9519
11813
11517
11001
13250
9937
11540
11941
11542
10335
11196
9521
9715
11860
11433
11033
13891
8865
10059
11029
9509
12019
10490
10141
10062
10530
9114
10000
12008
10422
10012
11516
10023
11504
11543
10054
9312
11735
11412
10136
13462
10377
9585
13035
10384
8536
12516
10048
11890
12103
9504
9511
11043
9738
10210
11521
9037
9533
13505
19388
24646
20996
23747
22053
22587
23559
20582
24809
27124
20867
24596
25717
24044
19845
22928
22074
24081
20550
24121
20596
23808
26088
25560
21032
25664
24022
25537
23224
24011
24061
20185
26220
22328
24059
24894
24101
22631
25171
20809
24204
21349
22009
24697
26187
22412
20095
22521
23061
24264
22765
22798
24115
20760
21474
24039
21852
23423
24560
24280
22934
20887
22097
25313
25177
22091
21632
22558
22936
22214
23903
22587
24249
21670
26499
21917
23814
21523
25425
21977
24662
21586
24582
20884
22765
24322
23056
21565
23793
21039
24112
25124
22266
22591
23613
25598
23782
21366
26116
22326
23530
23238
25015
20335
24095
22452
29975
21152
26555
21977
25648
20970
23885
29855
22321
22447
24081
23151
20203
23999
23603
21458
23420
20032
25402
22089
22941
22671
20481
22211
24230
20158
26369
25177
26704
20330
25876
23307
25433
20873
24750
23114
24147
23309
26149
28155
20985
26210
23185
24622
22062
21594
22124
23651
23020
25889
28050
23170
24804
22671
25586
21650
25377
22206
23158
25114
22679
26029
24868
23124
24132
25850
25629
23914
22498
25066
25420
22707
25949
25105
22450
26648
21591
23171
23682
24032
33182
25083
24136
21619
24132
23598
20584
20403
23596
22861
22737
22070
24127
20881
25720
21369
23364
22104
26832
25299
26771
22072
25559
23240
22466
22885
23400
23074
23066
23468
26042
21411
23486
25242
20584
22638
22233
20546
23207
24408
23267
24022
23853
25562
23742
25217
22414
23644
21105
25505
27615
28720
20565
22629
23837
10416
11553
12241
12024
12854
9800
10223
12363
9870
11573
12683
13509
12713
12365
9638
10004
11508
9322
10253
11957
9543
9002
10564
12021
12506
10557
11604
9008
12556
9360
10534
11492
10305
11204
10801
9004
9245
10528
11552
9528
11616
9375
10524
10995
8444
10009
12012
9859
9610
11032
10378
10542
14262
9034
9463
11550
11682
9365
12528
9148
11331
11886
8593
10026
11500
9015
13090
13014
9006
9526
11531
9557
9533
11159
11820
10506
11533
10037
10676
11452
9520
10516
11046
9273
9522
11009
9521
9552
11522
10033
13697
13233
11097
9885
11372
8537
9746
13188
10011
9398
11370
11724
10175
11565
9523
9701
11544
10527
8979
12765
9526
9237
11648
9511
10053
12172
9278
9312
10696
10489
10067
12948
10520
8754
12012
9728
11253
12164
12307
12847
10902
8418
7976
14709
10089
9239
11717
9546
9525
11502
10007
9547
12477
9815
9282
12015
9520
10722
12003
9017
10547
11526
9533
9528
11225
12690
10518
12549
10430
10807
11550
9329
9608
11554
9562
10002
12304
11015
10667
13881
12006
9737
10510
8998
9547
11527
8531
9027
11848
9540
9532
11702
10518
9497
11515
10276
10014
11080
10505
9518
12313
12480
10784
15925
11527
12635
11275
9003
12378
9997
10663
10729
9021
9556
10021
19663
27102
24435
23047
26108
28974
21799
22750
24375
27519
25195
20713
26874
21614
23428
23966
21121
22859
24582
26617
22610
23076
23612
22545
25431
20209
24571
19949
27012
20901
26962
22291
24019
21563
26624
22349
24764
21952
26709
21967
24393
21372
24800
19519
24259
24981
19802
26233
22862
26470
21503
26137
21009
22044
22961
23346
25922
21437
24024
25291
26272
22296
24503
21679
22027
23601
23142
20043
22552
23006
25077
20599
25066
23559
20146
26014
22739
24985
23251
25616
22721
25072
28636
27719
21549
23384
24073
22739
27146
22430
28930
27056
27694
22888
27404
21566
27447
25070
23569
22453
26159
24383
20591
24493
22114
25026
20162
24538
21822
21752
25068
23469
23768
21431
24600
21045
24063
20854
26566
20322
24808
25569
21489
24200
22361
25014
20337
24047
21883
24773
21167
25825
27804
35471
27429
21633
26857
27779
24314
23569
24703
28805
28930
34610
27244
28275
21512
26269
24075
25830
24312
26849
27000
29211
28206
22576
27518
23635
24107
27024
22072
23138
27698
22703
24541
25863
29687
27936
25496
22937
26020
23557
29150
22582
24927
26801
22731
22001
21981
24034
25036
29130
24111
29054
25547
27217
23326
27466
24644
26175
25005
22332
25568
24588
25096
25908
23596
25609
21036
23522
24588
24391
25012
27274
36655
27138
23604
27404
22412
30888
29707
29245
23612
23581
25049
23859
29651
22395
29558
26351
25402
29506
26052
25538
25084
29369
30144
28706
33169
25624
30129
23604
27058
27303
26944
22535
22525
30375
24577
27074
22555
26118
22285
25064
21550
27267
23273
27510
22014
25576
24002
26672
21810
25113
21885
26514
26075
25796
21482
26245
22147
24896
23130
26329
21988
25511
22748
30689
22072
26370
22072
23024
25975
22612
27405
16588
13522
9506
10695
12019
9871
10162
12742
10021
12058
11275
12893
14374
11334
12448
15442
10056
15066
10519
11680
12623
11028
11037
12565
10406
12481
11527
11011
14627
10535
9529
13294
12001
11538
12522
9517
12042
10043
10574
12520
11322
10847
12532
12359
17040
12651
14581
13501
10509
13528
10473
11272
12084
12524
17263
16966
15442
11527
11386
12046
11584
9526
13420
10524
14756
11424
11180
14258
11962
9385
12522
11067
11011
12578
10418
11222
14871
9972
14132
14031
14607
68998
11989
10878
13534
9516
9618
20556
21610
24896
20236
25573
22380
25389
23946
25232
18944
25081
22062
22750
24586
22852
23974
25676
28187
22092
25590
21532
24122
21619
23944
20606
23089
23097
21524
25488
22807
22472
24949
23641
24140
22973
23533
25071
22368
23814
22604
27080
19711
25625
22684
23664
24196
21989
25526
21373
23452
22568
22685
23301
25908
21636
24191
20311
24611
27196
24050
24105
22516
20662
24629
24629
22430
23400
23230
26168
20238
28302
21596
24403
20064
26684
23050
22205
23434
23409
20581
24169
24889
26153
20745
24310
23544
21503
23617
20360
24008
20143
24361
21542
21472
25111
21095
24764
25342
20272
23372
27126
23632
25519
20864
23408
23519
25068
22532
21741
23060
22308
25236
21062
24775
20601
24123
21488
24077
21709
22171
22650
24360
21695
22780
22076
24589
23599
23638
23685
21297
21182
24076
21606
26986
22480
27350
23337
28904
21832
24520
23709
26141
24427
26315
23113
21095
11009
11972
10588
11863
8017
13740
9523
9644
9158
11535
10761
9746
12680
9020
10042
13060
8904
10522
11013
10302
9392
12511
9013
10556
11564
9509
9449
12067
10474
10142
11027
11001
10045
12018
10595
9478
12416
9497
10021
11525
9538
9574
12111
10011
10372
11499
8634
10005
12990
9055
11036
10708
10011
10849
12237
9787
9060
12039
10799
8522
13002
9206
9408
11621
11052
8361
11678
11557
7953
14496
9517
9532
10037
11552
8995
11005
12386
8803
11149
11935
9514
10025
12185
9512
12524
11559
10185
11652
10010
9551
10525
10557
11375
11637
12036
9674
12517
9012
10181
11004
11049
8997
11718
10301
9677
10035
11294
10518
11047
10280
9878
10973
10529
10009
12432
11194
10350
12592
10404
10059
12583
9500
9630
11037
9519
9020
10012
10917
10026
10462
14619
13956
14887
10519
13901
13650
12252
13735
10520
9538
12524
10004
10091
12776
10107
10451
14040
11385
14472
10880
12041
11361
12422
9342
11755
10026
11185
12064
9526
9243
11536
9906
9994
12068
10082
11049
12799
10144
10226
12081
10012
9947
12529
10461
9524
11453
10019
10507
11359
9872
12220
12529
10859
9003
11648
9075
9212
11591
10024
9511
12344
9999
10132
11330
10045
9258
12082
9791
11698
22094
12163
16223
9726
12039
24305
24834
22453
24712
22217
25959
20865
23751
21362
22813
24380
27217
26513
21145
23192
30658
31652
20752
25973
21036
25536
22240
25858
20022
29927
24555
23530
25138
21344
24614
21125
22178
24788
20300
24085
22727
24677
21120
24601
21571
22816
21535
24784
23470
23947
23870
22755
22848
22552
23034
20552
23971
24746
21321
22217
22078
23129
23122
24708
22249
21543
24096
21943
25576
20640
26119
21847
27625
21048
22108
24786
20269
24795
23436
22574
21786
23080
22498
22553
24964
23816
21437
24596
21769
21041
22947
20933
22179
24153
22115
22240
22104
24349
23517
21238
23973
23053
22992
22010
22350
22383
25588
23289
27654
22420
22546
24260
22536
21586
24552
22612
23733
19077
21416
24551
20092
24036
21645
23569
21644
24407
20586
23523
23278
20891
24596
22659
25246
25238
20110
25108
22069
22941
23037
26681
23561
26318
23874
26078
24924
21493
23857
21972
23678
22623
23157
25675
20386
28217
23781
26341
25443
28767
25569
21966
23340
21765
24100
21071
25024
25385
22063
20629
25091
21829
22500
23767
24147
20499
25334
22833
24735
20699
24192
23592
19863
25984
21288
22626
22134
25407
23505
25715
22510
23556
24374
20122
26211
21790
23114
22538
21086
25133
14856
13012
12342
11886
10014
14050
10469
15786
10446
12067
13312
10844
9655
12563
10142
11216
10971
12676
11045
10533
9515
9517
11811
9341
9513
11208
10518
10569
12084
9990
9520
13353
10000
9924
10123
11469
9521
13310
9629
9523
11579
9731
10017
11539
9353
9519
12563
10528
9976
12727
9240
8997
13363
9290
11789
14433
10865
14180
9877
11949
13303
9874
12161
11999
11616
9529
11178
10437
10535
12020
9483
11226
11043
10539
9409
11709
10350
9138
11026
12426
11533
11583
11082
9009
10954
11112
9635
13552
9581
10302
12310
10001
10584
12004
9005
11193
10524
10336
9997
12550
10527
20209
25084
22554
25153
21836
24264
22069
24937
20524
23703
22911
25076
21166
25234
23015
23349
22047
24390
19975
22167
21635
22656
24387
22590
26522
21308
24550
24707
23502
24255
25166
26896
21595
24141
20574
24904
24556
24989
25050
19895
25546
25366
22418
22763
21096
26053
22489
24631
23144
25155
21028
25359
22574
24602
20929
24778
22322
25099
22597
25129
21248
24624
22118
25275
20532
22163
24065
23667
20071
26136
25291
26828
20567
26121
22028
24208
21233
23595
26600
28623
22151
23102
26178
26618
21928
24729
23388
21987
24116
23138
25912
21333
25058
21483
24427
21473
24830
23071
26415
24783
22274
19046
27686
22799
26605
26005
28055
22037
23070
20890
23724
23411
20217
26578
22266
26058
20540
24551
22860
31206
21472
23255
26485
22120
26005
22849
23687
24813
23921
23121
24982
23632
21461
24599
21637
26331
24855
26023
20110
23698
24544
20132
25112
21923
15271
12500
11494
9014
13875
9526
9816
11650
9527
10122
11585
9523
11214
11738
12519
8973
12010
10005
9005
10206
9518
9536
11125
10452
9678
11529
10505
9976
11903
9525
9755
10532
10057
9520
11361
11113
11007
12792
10157
9223
11059
12001
10161
11040
9313
9867
11507
10345
9992
11650
10019
9519
11551
9831
9515
9018
11572
9294
11564
11063
9820
13418
9538
10516
11021
9978
9650
10070
9891
9097
9535
11590
9773
10520
14076
9713
13667
9099
12600
11515
11183
8919
11413
11052
9438
11500
11536
10000
13285
11713
10159
12464
10347
10191
12567
10996
11046
10960
11233
9033
12829
10440
26167
23571
24136
22090
25709
20333
23972
20906
25655
21647
27201
24088
22868
19416
25141
22768
23350
21111
25610
20351
27125
23802
21589
24343
22634
22161
24735
21118
26584
21185
25553
24675
22635
24155
20529
24704
23204
23864
21435
25935
22490
25080
23644
30644
24635
25794
22058
25499
23172
20133
26225
23654
22580
24168
22652
22042
25206
23566
25982
22037
27739
23517
24082
20813
26571
23884
27009
20710
22615
23886
24685
26273
25719
25206
21067
24187
21574
23514
23026
22257
25564
20172
23166
27174
22786
24278
22184
24248
22521
23138
23985
25261
20941
25728
23254
25927
20131
22900
25009
19690
23541
21968
22087
20590
23187
21457
25601
22616
24764
21883
21654
24052
22562
21143
25954
20094
23567
21172
23769
24147
22020
23205
23566
22318
20316
26249
21924
25068
23584
23978
21737
25106
21387
25424
24384
23075
22601
26126
21670
24125
20217
24940
23461
22076
28044
16227
11029
10995
11288
9519
9515
11838
9512
35386
15934
13330
9721
12072
10184
11016
12080
9064
11553
11880
10521
9998
10539
9805
10010
10577
9185
9394
11584
10443
9484
11516
9719
9001
13360
8525
10525
11126
10445
10110
12519
10081
10972
11879
11470
11559
11064
9796
9508
10308
10308
11734
11142
9537
11102
11758
9504
9518
12541
11740
9908
11798
10241
10929
11538
9999
9535
12610
9531
11207
12987
10024
9512
11108
10528
10302
11531
10505
9718
13519
9522
10393
11074
9515
9995
13105
8992
10046
13129
10184
14594
12564
10037
10500
11518
9835
13131
10526
9524
10555
11048
9003
12209
9726
10370
9542
12037
9520
9534
13545
9290
10345
11554
10837
12176
11050
12028
12021
12005
9066
10526
11411
9543
12031
10516
10534
12014
12010
27458
15765
10434
10507
10520
13868
10125
9512
12060
9505
9025
11402
10006
9386
13604
8999
9078
12190
9505
10253
11971
9515
10001
12563
10638
9263
13638
12096
13142
13083
10509
13066
9489
9509
13578
9508
13501
11710
16534
12042
10016
10429
12666
8996
10037
11821
8981
9489
12039
9514
9186
11464
9367
9360
11871
9511
9059
13060
9522
10014
12546
11541
9500
12557
9017
9509
11559
9998
9927
12012
8991
27516
20110
23615
22413
26069
22575
23495
23156
20907
24442
22587
26911
20596
25393
23416
25557
20358
24027
21164
24545
23055
24052
29664
25560
21305
22603
20176
21942
23525
25714
21598
27072
22867
24984
22456
26272
23579
19335
23518
22039
25065
22908
26556
21101
22811
24907
21898
22983
28242
23090
25043
19643
25760
21886
21846
24427
21588
25558
21123
34165
24617
23065
28589
20993
21905
23066
21445
24570
22680
21950
25121
22695
25689
20605
24990
23044
23517
21321
28978
23148
25656
21597
23920
25149
20551
24956
22327
25115
20684
28910
27150
22452
23776
23375
28607
20800
26495
21554
23478
23217
22723
23360
25356
22451
23642
23938
21212
24744
21911
22072
22551
26126
22550
26338
22554
25464
21083
25487
21903
25041
20082
23796
24706
25028
22074
24871
21672
21281
26556
20589
24039
21127
23734
25099
20091
25698
22103
24148
22005
25071
21148
21899
22426
21564
22254
23418
24142
25629
30328
25610
24090
25140
21139
29616
26872
22116
23985
22322
25113
21660
23373
23154
24089
19097
24166
21522
21132
25132
24599
26975
20994
23057
24127
19577
24606
23049
23973
22114
25274
33342
29220
21373
23280
23168
24496
20110
27539
24628
25390
20153
25312
17933
12537
9181
12532
9816
9262
12302
9853
10004
12164
10331
10548
13017
9110
9892
13266
9519
9525
12507
8779
11048
11726
10609
12001
14023
10322
10343
10343
9498
9739
10641
11522
9012
12300
9523
10496
10967
11857
9096
11509
12101
10280
13280
9995
10352
12782
11376
12717
12010
11366
13985
10168
10524
14076
9514
9955
12820
11390
11521
13042
12312
17110
11012
10243
12285
10109
9288
13508
13565
12359
9552
10456
11452
11083
9594
11492
9699
9997
11605
10004
9508
11526
10102
9021
9527
11850
9859
9564
11540
10009
9477
10323
11274
9864
11606
9607
9562
11548
9438
9611
11331
13256
22196
23102
22071
25793
20848
23123
24313
23133
21315
26420
22033
26713
20834
23280
26102
21117
22218
21741
25945
21354
27285
23667
23562
22674
25691
22559
22548
23620
26185
20762
26628
22532
23081
21119
22546
22056
22128
25096
21913
23769
22128
24076
25664
22463
25490
22946
26049
20552
23348
21998
23184
21572
25121
20117
25465
22625
21602
23249
22993
31491
25370
20573
22506
25408
20922
28364
22163
24144
20590
25421
22216
24195
23025
26896
23489
23440
21598
25358
22340
25093
22209
29968
25106
25722
21617
24598
22574
22715
24382
21673
20778
24173
23870
20246
25906
25459
29564
22702
23908
25085
24626
22283
24763
21329
25380
21131
24547
23406
23644
23124
22595
24571
19851
24732
28562
22834
23764
26039
21801
23036
22963
21666
20082
23076
21630
23318
21234
23632
24035
24583
20833
24046
24546
22221
23277
22778
20643
24004
22558
25130
21450
23159
22660
22508
18641
11504
10899
9675
12046
12981
11571
8743
13549
8534
10012
12040
9168
9443
11809
9997
10991
11124
9337
10085
12025
9890
9714
10853
10332
9994
18202
11230
14260
10139
11774
11751
11186
9677
13808
10412
11837
13313
9702
10020
11012
9849
9307
13722
9584
11192
12021
9938
10009
10464
9768
9558
11553
10024
9536
11516
9774
10257
12023
9509
9777
13180
9903
10954
11997
10789
9995
11441
10019
9015
10325
10576
9501
11414
10994
9849
12115
10016
9281
10551
9745
9511
11728
10482
9751
14896
10026
11809
12920
9540
10032
11380
11253
9503
12716
9442
9450
12595
9960
9678
13522
10045
10009
11334
10523
8522
12544
9590
9531
11375
10532
9654
11590
10591
12505
15056
14061
13016
10059
9536
13539
10589
9993
13059
10501
10595
10595
12078
11037
14572
9003
10344
12120
9002
10015
11454
10025
9439
11105
9011
9115
12023
9005
10002
12086
9340
10441
13054
12125
8909
15076
8930
9484
11448
8980
9519
11348
10183
10406
11648
10885
10241
10450
9013
10085
13006
10004
9172
12023
12033
10009
12491
10572
9509
10536
9639
10011
12710
9528
10220
11074
9067
9340
11042
12331
9869
12171
10826
9276
12640
9576
10681
11919
9544
9870
12044
10140
9005
11229
11910
9994
11013
10547
10009
15557
25582
21545
25178
20806
25181
22262
26769
22090
21221
23544
22705
25036
22556
25598
22496
21181
23947
22883
23469
21569
24524
21688
22542
26066
22089
25020
21886
23641
23744
21419
25644
22079
23757
23191
26043
21037
22558
22764
21685
22137
25182
26145
25536
21029
22618
24707
20488
25111
22451
25508
21707
25116
27024
21613
23573
23384
20035
25038
22033
25143
20704
26640
22139
23515
21511
25645
20073
24971
22007
25108
21587
26189
21116
24535
21032
25314
20299
26852
22094
24929
20616
24995
22226
27892
24579
22460
25078
20575
24629
26206
22508
24812
22039
26026
21440
24258
22424
23495
22480
23566
22071
24203
19749
24939
23093
20591
20662
24411
19964
24426
22042
26358
21207
26030
22086
23766
21413
23710
25276
23979
23383
25864
20249
24140
24615
23583
19256
23059
23606
20913
23623
23517
27588
20582
25127
22550
24106
22114
22477
21444
21835
25695
21157
23536
22098
19886
12537
10265
12515
9533
10431
11709
11039
10702
11639
9532
9320
12021
9487
10295
11692
10024
10535
12089
8999
9998
12230
9590
10477
12368
11515
10560
12825
10132
9893
10512
9518
9527
11539
9532
9522
13011
10034
9505
10995
9465
9505
10549
10462
9610
10257
11001
13116
11527
11055
9521
11160
10100
9513
10036
11266
9040
9520
11003
9508
9999
12153
9370
8004
11064
9706
10816
12533
9090
9522
11366
9534
9012
11629
11414
9012
13517
9115
10365
11013
10411
9654
13701
9537
8823
12166
9532
10154
12982
9824
11628
12008
10696
10418
11875
10319
10409
13140
10043
9015
12759
12030
11998
13832
22609
23849
23590
26591
20054
26481
21650
26354
22618
24575
24940
27054
24013
23452
26126
23480
23682
22062
24559
24037
20646
24534
21587
20293
23904
22510
23932
22625
22042
23062
21328
27215
21862
25085
21072
22745
23572
22836
25139
21119
25242
21704
26064
21131
24512
20548
20552
25380
22491
25514
22508
24960
22485
25825
24084
24039
22554
24872
25065
24566
24682
20489
26658
23075
20068
22533
23560
22019
21761
24433
21570
23936
21358
22814
22701
22179
25479
20912
24695
21542
22301
24136
25768
21107
18551
24439
21934
22056
24359
25039
23130
20362
22966
22778
21597
23146
25764
22060
27400
24797
26962
20892
27051
21488
25796
20061
25044
22230
20748
25702
24810
23165
21036
25560
21699
20453
25858
21166
25574
21603
26415
21494
20927
23494
25849
22105
24782
22038
23532
24004
24164
20500
32182
34167
34220
28636
32186
33629
31191
26043
28647
30523
21538
26101
21047
24138
21611
20248
24142
23420
21499
24003
21078
27402
20753
25319
21066
21854
24164
22638
25330
20506
28521
25193
21718
23130
25697
21634
24517
21823
27475
22722
24658
22146
21814
21041
24973
24135
20746
26611
21414
29082
21328
27015
21611
24688
20571
25557
20823
25648
26481
14025
9530
9534
11866
8959
9588
12456
9595
9065
11534
10089
10020
11412
10120
9571
11469
10307
8999
11715
12386
9529
10038
11540
9052
10515
11456
9412
9508
10471
11047
8857
11076
10511
9022
13240
10010
9553
11787
8736
9435
12516
9005
11362
12872
11849
9917
12712
10543
9006
12018
8603
9283
12534
10020
10460
11065
9541
9814
12538
9788
10012
13110
9507
10201
11843
10176
10525
13046
11009
11826
11584
9000
14748
9513
9599
11527
10756
9783
11505
8995
11323
11528
10516
9024
12015
10141
8373
9841
11521
9990
9999
13485
10551
15339
12034
9533
11932
9588
10016
11308
11009
9838
16349
25398
22558
24459
24485
24059
22458
25652
21967
23150
25024
23594
24286
21594
25815
29753
29400
23282
22410
23948
21968
23059
22053
23364
22245
29963
27631
26609
21984
21455
23231
21585
24599
21988
25150
20631
23158
28340
23575
24395
21999
24561
23693
23852
21985
23700
21234
22083
25537
20170
24636
21130
25036
20387
25476
22091
24801
20789
24066
20203
25318
22395
24422
22991
21233
20031
25604
29586
22627
25553
20038
24071
21064
26100
21517
22726
25524
21383
24580
24061
20617
23223
28380
28374
22925
24553
22141
25296
22003
22064
21821
23552
24621
23771
22128
26362
52139
118361
32403
25281
22828
21182
23320
22528
25618
25266
21691
25414
21976
23326
21132
25127
22556
22559
20349
26789
22056
23560
22586
25928
20762
25730
23254
25318
20746
25547
22074
25721
22745
23594
24499
19982
24030
24588
21878
23599
21507
24663
20555
21608
13022
12540
10376
9523
11510
10364
9410
13566
10264
12556
11419
13891
10890
10604
9714
13471
10250
12042
11558
10781
10203
12377
10016
9523
12056
9025
9292
11368
10036
9186
9541
11362
9012
12686
10130
13001
11692
11902
10324
12294
10121
9518
12027
10026
10206
11118
10503
9820
13841
10564
9092
11081
9429
9525
11302
10326
9723
12368
10435
10427
14007
9775
12076
12609
11267
12553
11770
11650
9288
10024
11998
9853
10522
9515
9516
11656
10611
10248
13794
10029
11491
10919
11005
10287
12517
8790
9536
11507
8998
9574
12034
9013
11083
12150
10061
9598
12091
9757
11555
10998
10500
10000
12028
11019
10361
12048
10933
8288
13018
9487
10373
12414
10571
10656
12869
10441
10261
13484
10028
10670
11993
10042
9506
10441
11584
9534
10368
9549
9504
11447
11009
9769
11376
9312
9404
11773
9198
10006
12018
9637
11855
11722
10788
10321
13122
11245
9086
12223
9674
9607
13070
11009
9061
12393
10670
11353
11502
9393
10010
11814
10846
11493
11598
10671
10519
11000
10193
11742
12060
11320
10686
12936
10769
10407
12023
10019
10002
12524
10238
12147
12581
10000
11994
9018
9524
12599
10395
9509
11049
11570
14545
12763
12007
9525
12396
9545
11676
10699
9233
9288
11345
9866
10009
17838
24330
20539
27518
22433
26078
21031
24448
24298
20155
27219
22269
26279
22944
22737
23564
19869
22269
21140
20914
26059
24172
25116
20416
24060
25531
22579
22186
24655
22584
24594
22275
26273
21044
23059
21788
28106
24241
26039
26024
20825
25019
22664
25558
20337
25584
21520
23591
20399
22891
23348
24485
21586
23965
21316
24063
24438
24913
19853
23281
26989
21304
25364
22039
26122
20973
22017
26481
20458
22329
24694
21066
22668
24663
24602
20045
20996
24365
24652
28053
25179
23640
27049
21522
25053
25402
26195
22075
25061
24876
28341
23543
30515
24578
27229
21996
22349
25136
22348
24043
20783
24283
19868
26203
22163
24921
21574
25569
22000
24137
24535
21046
23977
19914
24015
25235
20667
24609
22088
26834
22098
23023
23058
19742
24418
21674
25444
21450
26995
22065
23892
22502
21604
22488
22072
25027
21025
24664
27753
23718
25623
20554
23937
21166
25891
24615
22400
24359
20866
25081
21559
23831
22193
24591
21106
24809
24924
22589
22176
23443
23145
28311
26039
23382
24579
24298
21843
24771
26045
18907
23024
22063
21378
21764
22056
21591
24161
20576
23688
22070
22597
21623
25896
22614
24858
21228
24337
22083
23581
22036
23460
20641
24136
23076
14575
11904
9529
9658
11194
9263
9049
11055
11263
9600
11849
11003
10470
11443
11001
9428
14102
10223
12436
12704
11963
12455
10969
11242
9990
13339
8998
8909
12100
9845
8521
13386
9361
11106
9920
9998
10025
11187
10522
10458
11254
10748
11463
12698
10565
10486
12308
9618
10994
12355
10442
12380
11179
13504
12608
14348
10579
14734
10027
10169
11521
10007
9230
11892
11519
9006
12040
12462
14432
11855
11917
12653
12040
9695
13613
9771
12480
10133
10950
11122
12259
10444
11420
11092
10007
11031
15092
14734
13064
10536
9952
11506
10014
10438
15041
11210
12034
13230
9363
22650
27120
24033
25561
23611
29161
25748
23359
23242
29453
31655
32126
23466
27160
23158
26645
23453
24801
23161
23557
25655
24615
25377
23618
27143
21622
24015
25791
27423
21555
27038
23003
26223
22471
24582
23126
29036
22122
35273
25903
26157
23752
33127
22085
25458
29236
30016
23979
26064
23246
28575
31578
28902
24233
26853
21587
28270
23623
26992
22164
29106
28087
29527
25161
23915
23607
33133
23053
25514
28576
24616
25626
25599
25654
29327
30518
29398
27566
35305
30207
29617
29623
31590
31616
26729
31040
29117
25228
28564
25797
32165
24100
26766
28147
27013
29637
28158
30991
26190
27172
21588
27578
25600
32623
25196
28255
24343
26226
24184
23579
27221
22630
26061
20394
29345
26610
31302
26066
27816
21317
22025
23665
23528
21094
25943
23190
25416
23117
26249
20965
25127
25085
23583
26102
21645
26762
22239
22585
25573
21551
24857
23877
24569
22590
20473
29275
24161
27635
21544
23380
27884
22917
25544
27544
25828
26914
28266
28142
25146
27229
22597
29190
27197
23121
24638
29476
25553
27751
21040
25616
26671
21913
26035
22064
26573
25967
24831
24709
27647
22848
28808
24029
27115
23175
25633
21070
25513
25564
26654
23620
24480
24561
22882
28059
33007
34057
25088
31155
29090
28844
25340
28485
23158
29079
24050
24682
25328
22057
29920
25713
25492
25648
23851
26131
27066
19491
24731
24166
19432
12546
9392
9417
10554
9581
10208
12003
9995
9979
11861
9649
9048
11948
9372
10264
12069
9028
10523
13051
8390
9743
11590
9524
9342
11071
9526
10020
11059
10022
10993
12016
10093
9778
13451
9952
10037
11024
10523
9287
13473
9101
10006
12926
9119
10001
13154
9078
9767
12086
8684
9024
11059
9986
9780
9645
10929
9729
9525
11036
10502
10517
10686
11369
11339
11344
9529
10525
12533
9370
8971
11174
9937
9368
13083
8924
10171
13578
8802
10639
11740
9738
10488
12066
9016
10606
12362
12000
9510
10568
12060
10488
10537
9991
10539
11009
8514
11514
11549
10851
9508
11018
9290
10164
11559
10290
9256
11251
9507
9514
11718
8979
9519
11075
10002
9712
9940
10934
9546
9912
10564
11042
10810
11033
9590
11380
10031
10498
8346
12061
9004
9278
12570
9024
11726
10506
9526
9314
13772
9049
11113
10910
10009
9642
13184
8842
9918
13981
10000
9931
11637
10777
9516
11150
9858
9372
11411
9925
11529
11562
9453
9521
11994
9444
9980
10982
10091
9756
16548
13026
9695
13441
9062
11139
12022
8515
10131
11996
11516
9721
12073
11186
10970
11981
10371
9671
13633
9912
12505
11525
10521
10559
10515
9298
11059
11509
8009
13265
9468
10403
11506
11508
9222
12055
10542
9030
11298
10190
10483
22502
26621
32000
23668
27097
23011
22082
23838
23098
24792
20823
25552
26031
22452
22832
21537
25291
21705
23617
23500
29092
19769
26019
22360
22199
21399
25416
21341
25484
23417
27856
25461
25470
22031
25989
21422
25485
22507
21031
24458
21081
22620
22087
26140
24562
22573
24022
22127
26555
20580
22732
24288
24613
20929
25194
21289
23586
28618
26207
22816
23704
22806
24892
24500
20008
23190
22419
20566
24755
23270
25495
20633
24076
21032
23870
21702
24097
25607
20990
26943
22155
26315
21569
35105
25599
29098
22512
22707
21031
23609
22775
22130
23433
20617
26103
24245
23268
23452
21488
23538
21603
23491
24160
19573
25270
22434
25094
20783
25460
22565
22010
21354
22884
22060
21912
25842
23157
23199
24149
26091
20827
24552
23154
24495
24092
26997
28124
22591
25995
22540
26468
24936
28284
22313
25434
22335
26738
21070
30203
26634
24906
19198
25151
31039
30728
22567
23059
22177
23695
30384
22137
29257
26029
27127
22185
26621
26125
24871
26993
20657
25171
20673
26474
20569
26076
21537
24977
20544
24165
22597
25507
21976
24161
20564
26525
24443
23956
21411
23282
22597
23516
21645
24646
21007
23733
22113
21594
28188
26353
23556
12879
12029
12710
9924
11767
9029
10444
11536
9484
10294
12141
9503
9503
12813
11249
9268
11196
10237
11753
11597
10948
9996
11637
9502
8857
12715
12872
10806
13084
9043
10177
12710
11671
11443
10397
12060
13405
12939
10285
13524
9822
10513
12109
10001
9337
11737
9999
10465
11895
9511
9523
12105
11254
9222
12570
10006
9281
11817
11646
8294
13251
9514
9502
11195
9529
9718
11020
9523
10142
10767
10683
9526
11244
10045
11012
11526
11065
9503
10126
11868
9281
9685
10531
10775
9851
11411
9506
10492
13611
10980
9116
10729
10143
10505
11213
9507
11392
12559
11369
9447
12390
14848
21388
25802
20565
22981
23011
20062
23604
22557
23701
23711
28207
25114
30231
20330
22020
24123
24007
23575
23103
21656
20611
22601
24036
23640
21472
23581
24993
20064
25077
19942
24579
22160
23460
21531
25089
26280
21788
21265
23625
25237
22129
25974
23052
24743
20603
27650
21902
24835
21641
25068
22339
24068
25070
28059
23036
26041
21014
26749
30396
22903
24140
21079
24320
21069
24611
22124
23659
22065
24053
22119
22296
25622
21579
19363
25690
21589
24083
21976
24185
23038
21708
24075
25070
20650
25396
21860
26080
20293
25440
21601
25533
20921
25748
21311
23817
24102
22827
20972
22630
22616
22343
24338
20565
27636
21276
23662
23418
24556
20579
25627
22391
24176
21639
21389
23836
24454
21885
26087
20233
26211
21561
25490
21011
24669
25141
21588
22667
22094
22558
26139
26068
24951
24553
22564
25506
23883
30373
21166
25872
23237
25571
23370
24020
24695
12048
12542
11170
9522
11481
10076
10191
13285
10108
11225
11734
11285
9825
12857
8518
9614
12074
10027
9542
11548
10040
9520
12497
10114
11353
12920
9364
11351
12538
9591
10027
11036
9888
9331
12407
9000
10227
11902
9466
9525
11401
11759
11007
13517
9979
12264
9572
11532
10447
11084
11013
11521
11703
8573
12006
10024
11018
11508
10523
9506
12005
9489
9386
11132
10988
10008
9003
12852
8495
10556
12232
11010
10772
13971
10226
14420
9273
11413
10873
11491
11171
12427
8684
9912
11315
9513
9409
12630
9691
9454
12277
9387
11080
11519
11349
9015
11818
10028
8520
12500
9477
9515
11273
10880
9268
11295
9254
9297
11336
11478
9290
12035
10203
9216
11412
9635
10077
11148
11703
9189
13274
10529
9717
12084
9535
9490
9559
10024
10188
9607
12482
9675
12431
10518
9913
10522
10552
10040
9842
11530
9706
9559
13012
9671
13467
10855
12747
12773
11697
11069
11081
10967
8657
11535
10003
9538
11499
9994
12062
11615
13644
18388
9446
11016
11504
10051
9527
12284
9716
10506
11376
9994
10482
12044
9523
10006
12105
10052
10507
14574
9796
9581
11514
9835
10027
12004
9502
10806
10834
9525
9616
11513
9514
10556
11161
11944
9524
12035
9891
9993
12588
10027
10257
11205
16266
22107
24740
23261
24590
23038
25386
25656
22061
22075
20647
24934
23498
20557
22563
23201
22269
30249
21366
24682
22146
23362
25678
24779
21847
22792
26134
22239
23118
23059
23250
23620
24116
23288
25019
20863
25601
20866
24759
23647
24108
20522
22367
22587
25579
20936
25361
23476
22702
22714
24225
21942
25558
22554
27668
24430
22468
25548
22548
24566
22072
24618
20295
27174
23023
26664
19605
25239
22580
25298
20909
25046
21806
23074
26300
21624
24444
19892
24021
21448
24271
20864
26074
20908
25155
24121
20581
22980
24239
23588
20229
24265
22055
24520
21689
27523
22186
23177
21983
25603
21647
22933
23193
26113
24317
28638
23025
25534
20247
25471
23568
26637
23491
27627
24940
26877
22304
20631
26651
23652
21559
25138
21632
24678
21554
23744
25561
23244
26258
23758
24206
21387
26650
21570
24780
23745
22571
26656
21086
25634
24542
25126
21785
24122
25110
23930
31346
31176
24022
30096
27025
29127
30278
23697
22542
23929
20727
23932
25096
24054
28568
22918
25993
24528
26942
21982
25751
23585
28038
22574
27181
24985
26764
21094
26911
26957
29036
25143
28168
22778
26326
23965
27553
21977
27591
29176
26707
27613
23650
24714
26060
22506
24080
22492
26775
25672
25614
23106
24045
23443
27138
23443
26624
25591
26582
22603
22801
28268
28123
25531
23054
28624
23857
32352
26162
33666
25065
31630
25196
27894
27992
27658
39294
20161
23867
22023
22626
23281
25005
21051
23583
24867
23051
22555
24385
24574
22572
20566
26458
21920
22599
23582
21356
25502
20119
23109
23790
24797
20694
24916
25454
20921
25069
21924
21414
24628
21127
29732
20794
28334
24561
32307
29567
29657
23853
23989
26021
30235
32655
31132
24576
22653
24910
23029
23040
21651
20747
21588
23083
15592
10091
10523
11507
9491
9496
14025
9046
10422
11571
9526
10807
10609
10031
9520
12611
9124
12561
11982
11314
10346
14034
11234
8524
12953
9439
8997
10998
9177
10597
12522
10385
9523
11377
9582
9050
11328
10816
10299
12013
10004
11003
12518
9036
8760
11062
9518
10718
11562
9408
9998
13433
11036
13527
10032
11533
11246
11526
9357
12945
9340
10743
10071
11062
10201
11009
11406
9294
11337
10994
9993
10997
12180
9822
10528
10958
9222
11926
10245
11032
13868
10009
10446
13384
11130
9842
12819
9642
11122
13576
9024
10013
12007
10190
9516
12515
9337
10616
10921
10007
9005
11994
22004
27085
20746
23436
24663
24906
21589
22902
24434
24121
25624
24910
29075
21081
27395
21567
24533
25590
27389
27478
21748
26192
25348
19866
26166
23936
26537
23064
29585
25146
22591
23577
22662
24743
25285
20955
25821
23426
26841
22051
23931
23550
24061
22409
26444
22587
26580
20571
26488
23327
21133
23063
27890
24101
22608
25082
21500
28053
22122
25381
25755
24143
22654
23499
24902
23124
25126
23879
28592
20559
22834
22053
23057
24304
21452
25182
22636
26104
21608
25776
19695
25189
22339
22015
24958
22501
23798
23948
23173
24375
24556
20274
24534
21575
27002
21649
27666
21488
25406
25076
33248
24589
22542
22688
22625
22127
21175
25229
21102
22894
21544
22530
23292
23633
22818
22298
21459
24067
24570
23546
22297
21336
20468
23993
23293
26450
23452
30367
23423
24415
21904
25510
25635
22702
20932
23833
21782
24582
22083
23108
22505
27842
14124
13209
10932
11481
10560
10518
9525
10031
10006
11723
9525
9602
11199
9003
9496
12501
9025
9506
11047
9272
9357
11544
10516
11274
13368
9561
12036
11221
11658
11008
9017
9518
10696
12096
9824
10519
10528
10036
9331
11711
9992
9978
11997
9506
10058
12150
9512
9296
11337
9994
9516
10997
9380
11045
11395
11055
9910
11512
10523
9494
12507
8947
9384
12026
10024
11516
11538
10004
9511
12604
9744
10516
11026
11754
9575
10518
8999
9026
9900
11765
11144
10279
11926
10708
11396
13958
10949
11774
12393
11525
12540
10006
10015
12515
9989
10013
12047
10056
9521
12824
9075
8524
13526
13023
10015
11183
9741
9519
11438
9777
9510
12493
10096
9513
11515
10631
10624
12347
12168
9362
12222
10377
10466
13068
9826
10882
12024
10191
10936
11034
11095
10738
12054
11101
9523
14522
11107
13652
10154
9526
11851
10178
8526
13780
10099
11096
13341
10024
11505
11288
9695
8995
13586
9622
10962
12882
9106
9538
11579
10507
10017
12002
9547
9400
12007
10534
10007
12870
9895
9529
10913
10013
9037
11016
10729
9012
11038
11004
11299
14557
9527
10502
13534
10111
9527
11653
9540
9530
12512
9268
9642
13716
10065
11840
11539
10951
9425
11567
10017
10000
11456
9501
9993
12080
11505
10627
27569
25336
24360
22798
23711
26782
22242
26549
22922
22789
24901
22157
24413
21320
26089
22168
27426
23634
24727
22683
24116
21294
24995
26176
22073
19554
22042
24146
22554
26119
27154
27362
23490
20670
21547
24019
19379
23076
21468
23681
22081
26111
26500
24536
25115
20871
25570
33647
36339
34587
30126
37708
27109
31620
26097
29084
35586
32194
31095
33211
36222
37057
32596
30069
31879
30018
33507
30852
24427
25101
21006
25288
22923
26092
22141
21549
24176
22657
22686
24097
21683
23349
21633
25622
20311
24398
23036
24870
22215
24647
22040
23848
22130
21099
21291
23782
22053
22652
24577
22853
23368
21572
24186
21641
24341
26573
22638
25540
20587
26126
21464
20833
23522
23707
20079
25479
21808
28157
21190
23083
24582
20742
25117
22026
24750
20488
25597
22231
23809
20803
25534
19218
26690
21032
23017
25030
22055
26121
21988
24351
20409
26647
20629
25487
22868
27981
22769
29720
21367
22813
24169
21922
24105
19949
26578
21611
24537
21369
23356
25760
20363
23702
23529
25505
19580
25084
23270
23263
23796
23111
20059
24314
21901
22258
22062
23490
24652
20663
24667
21087
24571
21217
23124
25520
20821
23859
12005
13326
11369
8005
12544
10386
10505
11531
9771
9520
11253
9766
10060
12210
10002
10000
11819
9921
9088
12114
9154
9810
11526
10265
10779
11490
9133
9146
11361
9511
10074
12006
9893
9798
11011
10508
9484
13602
9598
10023
11784
10931
9516
11492
9995
10001
10611
11312
9432
11274
10480
10358
12529
10022
9830
10005
11760
9646
9516
11035
9550
9508
11561
9520
9505
11734
10998
10403
12311
10303
9521
11639
9497
9521
12242
9268
9132
11048
9055
9568
11020
11521
8004
13072
9479
9044
12004
10543
9976
9459
11042
8991
9593
11426
10003
9501
11591
11829
11516
12160
9617
9163
11089
9533
10723
11025
10078
9281
11071
9023
9795
12137
9526
8996
11004
11458
9913
13767
9854
11233
12033
10201
9284
13205
9397
10504
10808
14636
14273
11466
10019
13002
9513
9538
12232
9585
9105
11338
9735
9517
11853
10214
10014
11052
10210
9441
11680
11005
9387
13138
9377
10513
12155
9529
11517
14515
11502
9035
11400
10010
10033
11049
10030
10008
12010
10432
9786
11515
11491
8588
14030
11401
9485
12420
10268
11055
10534
10559
10406
12297
12568
11946
12394
9503
13729
9567
13806
13880
10319
12273
13104
9865
8280
11569
11485
9043
11657
9810
10569
11829
11673
9895
14232
9622
11211
12021
21248
24412
24549
19546
23717
22584
23189
22158
25224
23066
25527
21200
29461
22707
21450
24612
24874
22684
21173
22882
25333
24938
22125
21911
24131
21078
24204
24531
22846
20778
23911
23604
22347
23707
25369
22372
23439
22614
25577
19589
25404
22860
24951
20517
24725
22031
24530
21085
27867
22886
21391
24482
22551
24938
22163
26028
20538
22090
22157
21071
23779
22057
23606
20381
22030
24882
21322
27026
22100
25132
20649
26286
22796
25989
22764
25006
30044
27171
21178
25086
23089
23811
19206
25064
22684
22681
22709
24697
25530
21323
29053
22567
24636
23083
22188
25853
21335
28133
21849
25757
20562
22447
24580
24408
20619
26526
21051
22681
22084
24849
20925
24081
23293
21260
23532
21176
28250
26461
21583
24165
25630
22614
25904
23065
26404
21089
24011
21560
25430
21622
24035
26525
26182
21514
24446
21223
24372
22210
24643
24776
21013
23362
25053
21477
25203
21573
20554
23897
24936
22009
23876
23115
23570
24770
21128
25140
22282
27303
22104
24162
20483
23669
25115
21606
23847
21828
24141
21541
22621
25296
20186
25808
21328
25432
19547
26697
21039
25094
21892
23593
21916
25453
27830
24780
22018
25867
22155
25135
20417
26084
22697
26784
18245
13518
10634
10562
10969
10303
11027
10567
9923
9711
12452
9005
11099
11550
11504
9431
13265
9274
9059
12414
9090
9529
11738
9516
10076
11195
10290
9716
11592
10348
10666
13700
10251
11955
11221
12549
14771
9984
10974
10720
10515
9534
12057
10142
9500
11544
9105
9436
10094
10045
9525
8893
13535
12210
11819
12644
9213
9524
10539
10347
10323
12509
9441
9511
10979
10711
9775
12146
9424
10543
11563
10442
10679
13167
9930
10385
12408
10120
11827
12425
9524
10050
12092
9573
8815
65679
14611
16026
13545
10670
9776
11725
10994
10020
11509
9994
11052
19014
31723
26386
23528
26395
22659
24586
20688
25699
23123
26292
20291
26088
22663
23934
21572
23592
20556
25746
22951
26650
22003
26041
22023
25076
22640
21557
22630
20353
25630
24772
21458
25284
21659
25728
20595
25271
22114
24028
21093
26149
21550
23743
26305
22708
24045
21167
25848
22294
22992
21059
22637
25267
23055
22657
25253
21186
26842
23871
22727
23874
22623
24104
21096
25099
21704
23580
22049
26086
21628
25166
23451
26987
22382
23902
23116
22925
22429
20285
24532
26813
21834
26284
26486
32329
22293
24942
21475
25399
20485
23547
24482
20604
25105
22053
26334
20611
27944
27097
22019
22171
22902
23039
24584
22012
26651
23663
22240
21084
25036
20899
24405
32207
25498
24152
20717
23448
24130
20137
22561
22648
23775
25045
22403
24770
22733
24777
22046
22054
22065
23847
20154
23503
23510
25606
20574
26104
20621
24716
21151
25406
22722
25046
22777
20574
10410
10992
13068
10009
9139
11306
9906
9269
11532
10040
10133
11550
9913
9227
12556
9330
9525
11436
9391
9462
12006
9742
9304
11016
12810
12214
12532
11299
11162
13992
11071
9627
11965
9911
9355
11594
9996
9513
11012
10013
10061
13069
9268
10518
11564
10305
10389
12025
12550
9520
12696
10516
10216
11023
10499
9498
12828
9532
8861
12574
10191
9053
11551
9363
9540
11857
9275
9823
12140
9122
9773
11669
9539
9521
11309
12924
11547
11420
9993
9980
14054
10329
12524
13103
13608
13513
12506
10523
17803
12249
14059
10530
10451
12023
10046
14188
12111
8970
11768
13605
22503
23336
24354
22947
26333
21799
28535
23036
23456
21082
24588
21059
24380
25639
24734
23486
27129
26731
22338
20493
22286
26128
22075
24770
20596
25594
21530
25488
21789
22067
21693
25482
21758
26661
20833
26280
22532
27119
22999
25134
24082
23216
22024
23078
27030
23437
26519
21794
23784
23683
24680
22709
27530
21006
28881
24455
24952
24005
24238
21864
26018
19562
26091
22169
23561
21395
26151
24040
25426
22601
23787
21636
22468
24130
24395
20529
26099
21284
22928
21666
23333
21840
23934
20573
25845
19949
22698
23100
23473
22512
24265
20335
24616
22545
25549
22192
24424
23412
21070
25053
26435
23364
21538
22992
22438
28714
20583
23234
25210
22062
22023
22234
24121
21967
26614
23665
21102
22060
22585
24618
22026
26121
22158
25274
21653
24287
22081
25063
22045
24844
20089
23119
22987
21037
25442
24016
20980
20607
23573
24742
20020
29084
27064
21552
12871
10511
10528
10531
9230
11601
11116
9994
9891
9727
12012
10560
10434
9774
12052
10036
8501
11902
9973
9034
12558
10339
8832
12908
14359
11436
12587
9536
9422
11014
11564
11485
11875
9297
11492
11067
8637
10828
11609
10457
10761
14649
11246
11024
9989
9566
9008
12792
11717
14985
11933
12099
12147
10767
11464
12594
11620
10389
13933
9728
9505
13345
9536
12994
10013
10168
10010
12197
9514
10058
9721
10144
9875
11896
9527
9647
12109
9367
9510
11527
10007
10515
12508
9996
10349
11538
9519
9531
12553
10553
10964
10778
9459
10525
11577
9993
12114
10574
9516
9364
11525
11004
8533
12989
8996
9692
11993
9905
10035
11217
10494
10239
11548
11589
10550
13500
9347
12539
11557
10170
9673
10019
10081
10192
12190
10288
8490
12375
10009
8999
12527
9531
10085
11593
9525
9545
11523
10510
9565
11562
10519
9432
12609
9261
9754
11763
10232
11598
10556
9954
10001
10789
10677
9936
11887
9791
10052
10070
11278
10161
12450
10568
10428
12308
9962
9546
13212
9001
10682
11006
9540
10114
10248
9884
11506
12855
9591
12009
11523
9213
9006
11472
10508
10520
12181
8934
9542
11756
10001
10455
11508
8826
10990
12275
11294
10566
11752
9766
12007
12007
9953
9503
10585
10084
8610
10177
20569
24860
22006
23833
23300
26537
21988
25989
21775
24791
21040
24426
25254
21285
24182
22140
25119
20741
23078
25089
19952
24010
23827
24598
20027
24302
21681
24637
24549
24490
21164
24037
21063
27582
23596
25640
23256
26073
22551
24599
22384
24057
26282
23592
26475
22037
25623
22594
27183
27097
27604
23065
22769
23490
23630
22138
22199
21412
24758
21101
24052
22797
22580
22621
24222
21010
22615
25238
25588
24472
26439
21354
25409
22754
24441
19978
26462
21254
22799
24579
22939
23265
20636
22989
23287
20695
22563
22035
23799
22142
25134
23469
20562
24714
21698
24731
22834
27699
23235
20494
25808
20710
24028
22754
26179
21119
23584
21095
22910
21100
25351
24755
21145
22191
23165
21598
22128
22653
25176
21465
22805
26121
20078
24474
21775
23248
19301
25534
22103
23288
25617
25555
24044
24429
23562
24206
23658
21307
27176
21962
25634
23158
31216
31124
25974
21443
26688
24815
28964
23493
24884
31766
28116
33233
23554
25198
25067
23526
27066
22029
28941
23275
25234
22709
25094
23843
28014
24144
26239
21574
28172
25079
22068
25054
25651
27890
25921
24452
23148
28082
22560
23891
24977
22544
25137
24047
25484
24250
25573
16981
14954
9910
13124
13608
11535
14553
10523
13523
13046
12056
9656
13071
10507
14368
11557
11558
13333
10343
9527
12032
10006
10525
12649
10736
11021
14306
10037
10544
11583
9638
11523
11523
10501
11506
10558
10527
12491
11475
12017
11957
11594
9014
14041
11995
14150
13989
10301
16534
11987
18049
12007
13564
10905
11216
13430
13078
10404
12863
10522
11737
10826
10199
9518
13066
9176
13823
9515
11232
12758
10388
11067
12232
10014
9943
13452
10507
9543
14940
9387
10005
11935
10014
10152
13248
11552
12916
10521
11459
13999
11613
15427
11199
10969
23807
21871
25456
24031
24349
24268
23093
26757
25157
27238
22701
25372
25779
24939
25078
24278
26524
23623
24636
24379
23203
26492
24096
29551
28809
29424
28111
29616
27734
30557
23345
31520
25580
28921
28052
27677
30317
24126
26217
27571
24674
23242
26889
22205
27216
22924
28193
24602
27914
24005
25197
26667
23385
28450
22587
26086
28624
26076
29779
25133
29086
24141
25596
32487
26600
32182
23396
26837
24737
23975
25111
24617
26621
25409
24061
23620
27501
25215
30648
23912
24585
26197
26008
22967
24463
23240
25168
22087
24620
22003
23516
23606
25579
22552
24738
22143
24831
27315
22327
23099
21351
23230
20840
25148
22625
20730
23687
23936
21128
24581
22576
25196
24365
26541
21604
22098
22667
24568
21866
24409
23057
25100
25378
20592
26165
20478
20866
23829
21551
21049
21632
22148
30177
20950
25130
25110
20703
21351
22837
22778
26695
23365
27208
26115
35257
31613
23927
21280
24948
20625
24248
21591
26540
23093
28552
22682
25252
19629
26507
22071
25660
21718
24234
22206
24368
22534
25392
23132
26128
22174
22309
24189
21890
26784
22566
25781
22935
31819
22387
25560
21532
25225
23360
15221
9247
11385
12289
9251
12231
9641
10584
11976
10906
9992
13191
10735
9503
11109
10165
9264
10906
11999
9278
10705
10001
10012
12942
11541
10865
12950
9429
9518
11067
10433
9092
12539
11031
9003
13116
10505
8527
11625
10739
10656
13896
10892
11030
12483
12168
9890
13074
10010
9969
12254
11495
9062
12060
10717
9110
10357
10407
11509
12562
9175
10007
12472
9361
9261
11394
11522
8539
12857
9123
10522
11658
10804
10133
12000
10004
11261
11085
9009
10152
12128
9537
10394
12101
10056
11014
13941
9512
10512
11456
9823
9002
13464
9523
10018
13430
9504
9538
11430
10988
9357
12033
10005
9553
12523
9529
11455
10541
10532
11498
19074
10392
11567
12015
14829
11468
10445
11945
9862
10787
12083
11722
9005
13802
8996
10004
11942
9517
9811
12497
9515
9495
12036
9022
10079
11236
9521
10507
11331
11380
12084
10493
8936
9035
11553
10966
9208
11495
12135
12353
11462
11088
11665
12198
10530
9259
11249
10135
9755
13551
11520
12708
10706
12197
13287
10621
10438
9903
11623
11277
11063
12030
8996
11522
11260
10017
11047
9545
12021
12078
9084
9022
10584
9504
9574
8492
13462
9524
10512
12455
9680
12220
9535
10119
10371
11527
9507
9990
11021
10808
12087
11430
12938
9240
18506
22377
22344
20020
24460
20905
23338
25809
21210
26073
22122
23573
22526
21974
26987
22301
22480
24316
22865
21721
25614
21574
26062
22439
25042
21766
26387
22126
23454
23962
21061
24204
21046
24789
20621
26862
22646
25272
23029
24371
24457
22444
26164
21600
22855
25371
23887
21554
21949
26106
22913
21797
23350
25835
23306
24755
25580
23294
24317
20836
25053
20583
24372
23226
23150
21944
23556
22896
26414
22989
23586
22430
24655
22073
24864
22081
20554
22712
24901
22424
21532
22804
24187
20779
26186
24919
22263
21214
22892
24002
21000
23024
25794
20574
23288
24584
23017
24977
21798
24290
20544
26657
21594
24672
20350
24815
24941
25813
21031
25034
21332
23365
24581
24108
19647
25601
25156
21448
23145
24222
22826
28502
20183
26085
21562
24234
26819
22588
25090
22230
24418
23238
21529
22118
24635
22075
25299
25906
30213
25997
20980
25572
21053
26130
20953
25456
22113
23102
24810
22672
24948
22722
21389
22281
24423
20798
26887
22339
22116
24632
21971
22026
23886
21653
24183
21424
24545
24911
23641
21891
25333
19538
26153
21338
24523
20254
26929
27732
21862
23589
22655
25571
20342
27055
22153
23466
22878
21561
21147
22601
27425
26155
22375
18447
12033
10009
9114
12763
10244
10010
11587
10392
10503
11241
10303
9254
11680
11271
9992
12155
9994
10023
11021
10012
9700
11994
10280
9569
11025
11190
9998
9508
10528
12165
10009
11539
11493
12084
12530
9992
12002
9993
9001
12232
9609
11000
12810
10259
10078
13511
10316
9927
13928
9532
10570
14129
10652
10013
12579
11525
15323
10024
10904
11532
10585
10350
12272
9058
10873
12206
10715
10749
12702
10401
9540
11610
9407
10631
13354
15099
12519
9506
10035
11533
10047
10062
12984
9391
10709
9989
10925
8794
12029
11524
8494
13517
10508
11001
12188
9179
9540
11545
9480
9530
15752
21828
29511
24043
27200
20029
25198
22101
26451
22731
27577
23174
28137
24635
26616
21692
23782
21051
24405
21890
24802
21726
27792
22303
25790
24364
23611
24245
20100
23672
23656
21432
30739
25432
29105
21286
23583
26537
22144
23862
22245
27526
23321
19777
25863
21555
19477
24600
21646
25424
23338
26483
21526
24855
22067
28186
31962
22792
23453
25295
21160
24930
21076
22657
23109
24623
22882
24448
21122
23070
23083
24195
20813
22569
26080
20404
22606
23592
24386
20522
26601
21356
22349
23854
23746
20218
23093
25091
21870
23813
21024
26134
25592
25114
22095
23753
20560
24544
22024
22936
22068
25648
22033
24538
21319
26144
19790
25108
22047
26800
20065
25793
22540
24010
24487
22627
