15707
16823
14362
19579
15302
19745
18121
18952
11910
19375
12165
19926
14987
18275
14359
27368
15570
19352
18471
15650
17828
16050
16732
14347
16428
14053
12275
14614
16627
27282
19562
14171
19382
14619
18066
17281
18529
12040
20195
14665
17108
15510
18621
15639
17106
12014
17441
14344
16014
14170
18585
14324
16960
13490
15308
18814
21038
14060
16915
14549
16655
15499
15753
18788
27632
20478
20923
22895
15027
22481
18212
17970
18682
13627
18508
14125
18011
14383
17724
17858
18377
15162
18166
14083
19310
14282
18712
15849
18545
13817
18779
14574
20039
15527
14973
15541
17021
14433
18877
14645
18904
14459
15451
14530
17911
15114
17193
14996
17789
17746
17932
15194
18499
15479
17422
14704
19004
14833
17893
15388
17826
14560
18603
16472
17391
14796
17649
15792
18036
15742
81958
18284
32620
24122
49447
34827
35654
33084
35404
32514
31499
30251
36831
29910
152781
51735
40021
38493
35406
33898
32539
33538
32290
31294
32029
40712
39187
39720
34483
37430
37295
37453
34745
33000
33860
43124
34573
40511
39305
36367
35576
30720
41053
37084
37945
40135
30855
33600
36667
30232
31561
31783
31764
40077
30264
31570
34030
34423
36018
39149
43963
31709
36375
38095
37268
31355
31737
33589
36787
31358
35226
35006
32133
29353
33871
36197
30174
34064
32145
28487
35996
31498
32863
35747
34194
30179
29182
33807
35338
30690
35501
31364
33136
129736
54998
17843
14422
17596
14191
17124
14836
16787
12851
17867
16505
17541
15644
16267
16215
16789
14050
14889
13923
16839
17057
21079
15267
17216
17815
21412
14265
16721
14660
18355
14870
18276
14361
17672
13611
13771
12766
14591
18028
13113
15594
15159
16249
13855
14586
17109
12074
17999
19995
14434
14860
18138
16147
12377
17524
18506
12675
14325
15568
19432
13097
20642
16338
15855
14128
16819
14012
19194
12405
18126
16379
17361
11650
19753
15207
16141
14714
18262
16148
16158
14970
17351
14574
16750
14502
15478
15717
14625
16117
15571
17777
21467
15685
16584
14483
19360
14439
17779
15184
16357
15826
18008
14555
17648
14698
19010
18392
18807
15474
18850
13909
18010
13738
18616
14407
16784
25565
17146
24298
15990
18940
15090
18317
13676
17603
14807
20075
74570
29229
16896
15881
13613
15299
13190
29467
32412
35070
34642
30125
32775
36291
34807
33563
38300
44654
41376
51446
43304
33545
43563
32070
38032
33408
50814
41190
30530
38279
36652
96154
88727
51387
37246
41018
44263
46402
47106
38995
29529
34451
32845
38441
37459
45335
44911
29228
33263
33851
36905
27788
35986
31684
34449
42086
36256
49050
47603
39779
34844
37425
40451
35394
32993
33409
30645
40392
41921
48421
44537
35727
39025
38554
34923
40245
32448
35143
32760
31701
33289
32940
33542
29925
35090
31490
30785
37571
30629
35802
29841
38073
29517
31186
102585
29942
19017
14657
19773
13922
17193
13799
17477
12404
16248
14701
18439
13333
17505
18552
16927
14083
15603
18035
20094
14006
15237
16403
20476
15380
17583
14104
16228
12914
16538
16811
16702
14105
13526
20525
14805
15561
16692
16307
17262
14778
13024
18766
12933
18892
13991
16795
15509
16622
14435
18431
13770
17035
16391
18178
14639
14800
12402
21118
19312
18506
13948
17711
14286
16188
18715
19127
14085
17481
15410
16645
14296
16473
15886
15515
18206
17387
16510
18528
13559
17393
14367
17110
17847
17908
17014
17574
13417
17633
14023
17626
13670
16943
16996
16824
16540
17466
14300
16134
15101
15701
15167
18040
14656
16956
15197
16279
17953
15798
15208
17384
15652
13086
17118
13365
17060
13845
16658
14540
17575
13375
17054
16220
16052
16362
17883
14919
67296
28113
19957
13919
15714
28229
38150
44467
35912
40188
32412
32000
37936
33141
31946
34550
31294
33244
32720
31969
30948
32806
34262
31236
32852
33523
37239
26959
30519
35042
30819
37314
28700
34552
30480
41180
28769
29461
35924
30371
36917
30384
29611
35754
34391
35410
28778
39206
31958
29227
29465
39995
31421
29945
36603
30910
29574
29935
41091
26394
41612
36319
45507
37582
37652
34227
36732
39268
32569
39039
32299
32857
32885
37395
29508
34163
33624
35023
33711
33324
31704
35542
30656
30160
39958
54477
37381
34765
32980
38194
40398
34903
34961
32091
38213
37172
38887
33389
32834
30052
36801
30591
30646
125013
56060
35808
37636
29550
31164
39138
30598
30758
32542
34895
32767
33173
30240
28627
36199
33848
30756
40388
38713
38001
28820
34581
37883
32935
28921
34938
31648
31111
36581
33819
17429
16225
14341
15737
14143
17712
14989
18209
13767
19692
15949
19117
15153
15242
12781
20893
15057
17651
16565
19702
18461
21169
23532
19281
17842
15935
14999
15642
16288
16096
15737
16838
18081
18614
15017
16400
15925
14629
16408
14785
17398
13919
18601
15760
17060
15890
18689
13919
15874
15860
19418
13540
16270
13103
18214
14283
18909
13819
18496
14303
18846
14059
19129
13524
18469
15076
17546
15161
19831
22617
22273
20010
17049
18444
13235
16667
15166
18985
15706
20811
14828
19006
14403
14455
13686
72857
19276
13636
15572
13401
18603
16401
18157
15250
18141
16493
16137
14090
17457
16014
19457
14151
15566
13745
16022
15548
16497
14507
17978
14654
19546
15736
16770
13414
17667
13884
17101
14723
13934
15676
14116
18438
18169
14676
14114
18793
17290
16908
14058
18112
15157
18035
13667
32695
32152
35570
31837
31578
31956
35672
38598
34713
31086
26050
34631
31430
34275
33698
29336
31664
32265
35403
36213
34100
32968
29564
34726
37727
37765
34084
34029
41754
30532
34002
30488
31979
34666
33446
34142
30631
31451
43467
35242
37124
38826
29098
30916
36376
31913
40305
34264
39330
41367
37082
36721
49545
44608
42106
37490
31171
28726
37660
28932
35788
34265
30574
30401
30970
126132
57564
34304
45329
34554
44925
28918
33255
29104
30542
39675
25959
34397
31699
48150
37560
31980
39336
32089
30187
32965
30466
33273
36092
36926
29549
56272
39647
41927
36266
32386
38035
44171
31686
31163
33197
31845
37620
28079
30593
31020
39414
37721
29150
35344
31788
32791
32901
33599
35153
38557
35123
41427
39343
44378
39366
42804
38202
37528
36966
33508
30808
28908
32935
34921
35108
29728
35067
31934
37375
31476
33804
29460
33955
36054
31195
31924
36134
31822
30392
31690
43505
144726
79713
46919
37208
31546
31965
31790
33025
35102
31298
32640
32767
41488
37223
37196
33437
31731
33439
36665
41018
38985
36203
37281
47398
39967
32596
32244
35212
33892
35642
32709
35636
30600
34576
31437
36799
34040
34241
37873
49690
38419
37119
34377
32985
34778
35127
36847
46347
35885
42107
43209
47367
48125
53533
49234
60289
59195
45535
61175
47894
45762
56213
30883
36590
41108
39007
37293
61626
36512
55511
51061
55029
49064
40679
51870
44183
49113
50413
43717
55586
35483
116095
60720
35855
50584
41532
34758
38788
46999
38313
37723
34511
34779
35480
47356
47205
66677
44159
51461
51785
45422
58014
42544
68498
38909
40516
44140
36929
42346
34223
44962
32916
31065
33160
38714
39186
63780
60930
62357
56235
54051
50472
76362
37453
61315
38150
41905
33660
38330
39569
38205
32727
32607
36609
35017
41282
41292
40103
35042
40564
35045
36326
31555
34473
33718
34581
30239
28139
34411
38495
31455
34345
29948
30544
34883
36101
32942
32881
31675
30658
37635
31973
32601
33186
37619
42672
36125
31932
33626
34502
40184
51752
60137
41763
30415
15364
20295
13572
18651
14243
20222
14435
24882
20131
22755
17257
14242
18130
15457
23421
18278
16018
18780
16429
17006
16475
21074
12295
19675
15762
18590
14518
22041
19595
25746
16727
20834
23163
19693
16311
19296
15308
17901
16096
19338
17844
21252
26230
24378
21674
22620
18653
15662
20180
15191
18137
14834
18013
30091
32354
33893
34198
30019
34906
40925
45428
37369
40467
40298
36870
44181
43098
36709
39115
41766
44374
44309
47574
41201
49878
45194
46644
41743
42936
47452
36172
36630
44479
36067
49899
36676
37556
38992
39490
37415
40979
38716
38041
42341
38428
31855
32448
34106
37196
39619
46413
54281
51445
42995
32589
37431
39453
33366
126913
49933
33861
32554
32070
34419
31381
38290
32460
29684
32140
30732
32160
36463
33043
30715
34243
30548
36844
32639
30005
32651
40613
29962
28352
32914
34608
30982
34409
30991
34088
31988
30732
33865
40274
28710
32107
35346
29276
29257
33608
35187
34615
35968
28429
35192
30853
29076
31898
39015
31152
29039
33386
34692
37435
36967
28759
25829
31201
43571
28792
29041
29841
36320
34696
38071
30572
36468
30790
33623
31009
34975
31726
32939
39837
27917
31611
34241
34986
33507
29119
30370
39523
34155
29736
37920
31613
28154
29634
33598
40765
28431
29474
34490
40884
30219
32972
34030
31424
32330
37243
82559
26844
19284
15455
20912
16196
17799
14202
18181
14952
17184
14932
17749
14997
17484
14829
17469
14962
13473
15245
12429
18727
13757
18638
13727
18279
12869
20582
13569
16693
14219
17000
13949
17369
16321
19282
14096
16461
14594
20634
16315
18060
14530
18225
13696
18361
14116
21170
13996
16234
13553
19093
14097
17487
14006
16581
17672
18213
14353
17099
14521
15871
13915
16996
16563
20720
37220
29085
27266
33216
36538
37099
32579
32767
35230
30178
29534
38084
39613
33090
39696
38817
30977
39234
32164
30085
31500
33979
31258
34118
31022
37734
28937
31287
35120
32800
33160
33654
30261
37520
36180
33816
38473
36266
44587
33347
37118
36940
31734
34791
40070
38500
32012
28600
48875
129246
53380
38729
29641
30109
33768
31117
34797
34717
33037
31829
31949
31658
40264
30769
32319
31181
29862
37754
30339
31710
32128
40917
29085
30668
31398
35779
33430
34979
30202
31811
30476
33181
39068
28203
28851
32275
39478
30347
36722
29006
31198
35711
39321
30199
32273
30096
32252
34211
31906
43389
34012
35303
34203
39409
31823
33349
31241
31177
32183
34873
35149
32468
31467
32488
38443
30492
33711
30593
31027
34480
43583
28752
35563
37744
35035
37983
29033
33995
31711
30727
34270
33940
28969
34123
39769
31970
33332
28333
33846
32785
34767
31238
40157
39484
38382
35147
33767
29897
35009
139484
44394
33437
31556
32522
32789
33067
29985
36220
35177
27660
32588
28744
35005
33107
35884
31639
30677
33821
33748
34545
34075
31080
32265
34326
32611
31671
44473
34053
38245
40066
26825
33372
30310
35740
30449
33383
31005
34011
35155
38201
29960
35489
29742
31766
31348
34357
36088
35427
31802
32557
31248
29114
35390
35084
37251
29243
31894
36572
29084
32500
31931
33379
43695
38018
38544
31475
31145
33583
34859
43279
45881
49115
38749
46693
36513
49281
38237
31887
32488
34104
31789
38542
35693
42328
33865
37851
37121
38806
30960
33059
35532
40325
50048
62164
58236
41258
44799
34250
36275
29696
34987
29232
31556
128024
58372
28688
35753
32751
35891
30526
29987
32734
34003
36547
33770
30846
34229
32841
34274
36056
32259
29647
30292
32827
36991
33214
30586
31952
32598
34853
34911
32007
33350
31070
42495
32842
37381
36921
32181
30650
35806
31099
37968
28728
33421
32410
32574
33617
36947
34247
26995
36611
29586
35131
30988
34414
34863
31176
30552
37054
32513
34993
35232
30181
35778
31808
34311
37504
39709
32153
34735
33480
32882
32647
34630
31468
43167
40867
29292
31424
32237
38412
29141
34979
30548
34674
34243
29682
43268
29616
34226
28823
32948
33619
33497
155959
56636
33730
37409
30140
30519
34085
35017
37483
126906
54411
29828
32020
33260
30732
34756
30442
33480
34131
38589
31737
28213
35529
32007
31735
37784
28921
35206
31196
35436
31978
33305
31784
35363
35356
34314
25246
37458
32273
29760
41092
28607
32436
31909
39396
28241
29788
35968
29447
38824
42548
40114
29442
33256
29081
35365
38490
28987
32111
32533
30081
33827
35054
33571
36441
33726
35153
31114
17544
14592
13886
16090
14097
18634
13745
15525
12881
14265
16352
14290
14620
14723
16716
14689
17032
16103
18622
14093
16574
15124
17480
15745
17258
17008
18848
15543
16173
13640
17070
15014
17166
15588
18993
15972
18796
14953
14711
16858
15749
15353
17480
14298
15928
14836
17187
14186
16632
15932
15743
14829
52203
33246
23885
18124
15802
15280
15385
17638
14610
18202
14537
16546
13938
16915
12190
35838
31133
35294
29092
33165
33534
28241
29945
43426
32881
42361
30129
31939
37790
27705
37072
29125
34915
29645
33222
34816
41572
30877
27432
30749
39456
26856
36888
32766
35337
29621
36436
34855
34625
37885
45132
39690
37299
38037
38245
44060
45499
49457
55645
46419
57803
45537
49451
38605
32462
35821
32763
46963
29288
32393
31947
32140
35416
30013
38317
31214
31604
35354
34328
27476
31710
37922
29313
33231
36173
29540
39501
26595
33609
30596
37110
45052
37021
38713
28687
33685
34428
30153
30611
37848
30254
119259
58148
53116
50381
32646
41646
27408
29750
35778
29415
34984
34074
37024
27607
33893
32131
30982
35335
32621
29593
38159
33979
32742
32263
33400
33231
36985
45393
51710
43492
35603
38011
63373
36974
45817
46170
57527
63302
47430
51465
38724
71030
89074
56179
53369
51230
52873
36161
74106
76439
42007
46898
54886
69317
64446
40309
57600
34961
32775
32052
36447
30347
31522
40495
28839
31523
37616
31259
30792
36142
30806
29467
32000
42813
32705
31482
29845
33206
37379
32837
30123
35403
33018
29845
35789
31480
46759
31811
36636
40645
28149
34210
36027
40514
33017
36038
43277
31028
31764
118529
63954
34430
35802
39106
37291
34181
33622
34236
35949
30723
31761
35402
31971
35047
31807
34338
39251
41695
36073
33099
33864
37045
36049
40811
30527
34096
37113
44312
34786
35699
42648
49400
44736
45613
38115
48809
45158
55504
35254
38256
31460
33735
29406
34421
31272
34549
32213
39115
29501
32005
31803
39429
34475
32327
32265
28941
32532
32640
34471
29573
36378
31055
39027
33414
29366
31332
36298
30367
31334
34539
32749
36485
29687
33160
40611
28304
31230
33508
37242
31507
32816
29906
32917
19384
16715
13854
15708
12564
18474
13520
17670
12278
17417
14638
17319
13782
16577
13889
14028
56504
29593
26985
13371
17550
12787
19650
17163
20655
16411
16041
16787
15255
13652
18349
13297
15955
14742
17943
13276
16695
15618
17441
12438
17340
16201
16954
13671
18046
14301
15382
16834
14491
19684
18472
14658
17902
13444
16981
16424
16475
17546
19511
13907
16640
15444
14617
17041
18180
16427
17780
14094
15976
17622
17849
15739
16191
14527
13771
14574
13890
18463
15933
17255
12740
17557
16670
16828
17293
19267
13063
16702
13201
20116
13230
18951
15341
17775
13894
18849
13180
21176
13799
17814
14397
23175
12399
18052
13097
19001
13694
18814
14091
18620
14702
20928
17149
15824
12684
16930
14133
15604
14905
19312
11937
18456
16242
17125
12965
18041
15701
16268
14521
17593
13455
17385
13866
14459
18287
25936
31820
33145
28609
33459
33413
30831
31816
28223
31094
140670
54578
27592
34756
30110
36094
32566
30024
37310
29550
34386
33242
30702
38326
28495
31567
34605
35707
30258
31180
32238
39369
31418
31898
34922
41991
39274
34884
34001
32637
34801
36970
31666
38561
38710
33934
38885
36990
46815
34564
40645
42837
31741
33726
35780
41269
26532
29360
31501
40593
27735
40203
29404
26709
32838
41386
31381
29715
37971
26308
36004
28079
37769
30156
34835
32085
29895
36511
33364
33219
32832
31302
34330
31240
29054
31640
37597
34535
34007
34009
26995
31855
35446
35115
27173
33643
37594
31357
30583
37919
27374
36731
31961
32276
26838
33009
37017
44483
33909
129511
58935
34946
35294
36575
34089
41178
30475
36542
29377
34648
35401
30813
34311
40431
32493
31202
31528
28756
33531
32911
36154
33147
33595
30552
33944
34235
32854
28889
42437
29478
33505
29666
29429
32867
38718
33846
29043
34604
35056
31996
33562
32458
32185
34425
36037
32386
32572
30936
36438
28864
35449
30496
36578
31350
31548
34441
30503
34824
37945
28644
33035
32035
29175
35254
40526
30159
30221
33120
29686
34252
40390
29297
32107
30336
33687
30080
34625
34685
33283
28774
33252
34223
44588
43020
28621
31195
39162
29707
31360
31910
32361
38159
28182
35555
34493
33939
34908
29361
33976
31735
33684
30004
43732
39514
154600
35964
38862
37656
35496
34085
36976
40707
35103
34152
33163
31568
35039
30159
33582
35437
29153
35934
31417
27644
35926
37814
30637
39010
36010
35101
32369
37819
34270
31505
33491
38095
29873
31796
33957
34887
29617
31228
36926
30523
33955
37406
31984
32351
32087
31511
33348
34463
32398
31670
30637
35153
36405
33136
33663
32547
30039
35247
31056
35147
32720
31493
31706
32692
30197
37573
32648
32668
35080
33242
34085
30908
31493
31652
38383
30645
34048
32241
32085
32724
38207
29838
30856
32049
35298
33593
31262
32227
35435
32081
31174
29878
32269
138994
50819
28575
35653
39385
30294
33072
29334
39377
35687
28190
29888
35105
31318
30152
34106
37727
30707
32930
31435
36676
29197
35493
30919
38004
30741
31797
31580
35942
30914
34029
30943
31999
38151
31159
32897
35863
33355
33063
30737
38425
38073
33804
39353
33721
31376
32145
34600
31299
31376
23777
13425
15607
14353
18014
15271
17755
14969
16900
14159
18777
15751
17388
12820
16859
16107
17581
17422
20749
17892
17155
14048
17099
14836
18560
14164
17313
14503
17277
14890
18012
15043
14495
13225
16788
17349
19709
14640
15739
21752
18370
15368
16062
13410
17663
14319
15894
15009
16480
18949
18130
13705
14965
14805
13376
16322
12634
18629
12805
18580
15222
66172
34248
15705
14258
19669
34633
32693
42820
42037
29982
32151
34954
37166
42426
38838
37189
48802
40190
39682
37186
46361
39302
37452
34515
32049
34809
34685
35296
36699
39206
33392
31723
31713
31281
39210
31153
30532
31084
33357
35586
34504
33904
35789
29817
34018
31418
36565
32855
32031
33318
39034
28167
31879
31405
33065
41337
33554
35662
34559
45085
35829
41496
34008
29809
32018
33815
32718
30613
37962
29844
35989
33909
34779
35924
46054
59159
34927
32850
30453
32941
34120
37537
38364
31119
33852
31924
29783
32621
115815
53739
30212
33735
42706
38829
33949
33427
29794
36153
32671
33032
29715
30107
30186
39669
29592
32968
34255
36023
38724
32882
29583
29817
37140
32082
31732
32132
33959
32817
28440
32935
35316
37560
32193
31047
33014
31622
37597
31504
33629
32962
29466
35718
31130
35101
31760
35113
31191
37719
31551
28885
35274
33412
31214
37519
31851
33304
29530
34713
37063
31715
29627
34988
36418
32708
29902
31914
34004
31844
36168
31952
31304
31989
36730
32274
35477
33517
29592
30670
34182
36398
32015
35226
30397
34983
33896
30365
38783
29146
33801
39778
29213
37357
37331
36707
31917
37107
31461
37638
35466
134608
58149
31801
32208
33470
36305
31395
31389
31567
34603
32873
34076
37463
29110
29384
32916
38270
29185
31546
33252
34931
32136
30150
38022
29272
39010
30633
32503
29550
32580
35358
34231
33014
29755
32906
37122
32273
32217
28959
36049
37335
31578
36540
30285
30563
32920
38539
29153
33117
30790
35378
35817
33516
30324
33758
36762
32046
30548
32581
28345
34604
34835
30969
31854
38484
28059
34789
31679
37431
29880
31890
34641
36213
32700
34015
29183
31325
33848
29795
34150
46856
36558
33498
36544
35189
29663
31603
30460
32969
35888
40462
27647
28672
39209
30297
31627
29034
33970
33193
31118
123940
59900
29470
32877
40121
34378
30694
30366
36117
29776
34993
35837
31973
31238
33337
32495
30461
34337
37342
33585
33306
28285
38235
28495
33628
33185
31084
33302
31087
34460
34498
29116
35575
34906
32042
33811
29660
33385
36476
32069
33178
37899
34263
30196
34276
30231
32154
30939
35603
33125
30342
33735
36471
31272
33939
36914
38508
35633
43971
37998
35683
35523
31896
31932
38500
30875
34908
31631
31714
33399
38623
30430
29857
32418
32972
31663
36598
31452
33056
31544
33268
35367
34537
29972
44196
33131
36676
39389
28214
39685
31976
25725
32152
35051
39795
32648
207223
40310
35251
32261
32932
33177
34328
31317
34951
46484
36917
40231
33863
34613
46091
66951
145219
48823
34721
39760
31668
40014
49489
55701
54298
50146
45010
47673
56014
47259
38738
33608
31796
36956
36304
30734
34184
35170
33840
36559
39272
43672
41382
43223
38428
34565
37157
35902
33048
37797
29736
33454
33422
31485
35503
34975
32171
34145
33911
29713
33637
33407
18845
14012
15373
15153
13698
16201
13128
16207
13203
16406
14728
14572
14956
30790
19686
18027
17776
15905
66937
35050
23785
17447
27011
21658
22486
23981
25280
22738
25439
20175
19312
18553
16937
12965
17549
15157
76501
28933
16929
17549
14809
14541
17084
16094
19186
14104
15796
11647
18060
14789
16380
14022
16448
15611
16351
15308
25805
33690
36884
34477
35555
40539
31957
37882
35115
31302
30335
28493
31810
35624
50271
77457
97625
36328
36775
43198
39737
38866
35166
34490
42225
36804
45797
38800
36104
32667
40553
40199
36568
33231
29448
33138
30803
44642
38770
31040
37745
39577
37265
40368
28159
35757
29968
33987
35336
30556
32970
52793
34699
34040
29571
33770
32402
32140
35661
38801
55098
57493
35283
31839
31718
32852
39746
33240
39607
45751
44147
36838
48020
35337
40171
151543
39315
38719
44136
40613
34664
33513
31152
31918
33663
31674
32832
34183
31424
35370
34610
29872
33220
33074
31907
29553
40895
31021
31093
32746
32304
35062
33857
31092
32848
31968
38157
29253
32431
33325
34983
29928
39579
31798
30670
32652
32057
44874
39212
35403
29251
33882
32744
32562
29912
39758
30477
33580
29868
38419
27948
37431
35891
36005
36511
35504
102948
119032
42914
49051
37733
30601
30963
37625
28267
36537
32374
27170
39066
29773
29225
39973
30385
31244
27909
32729
36045
46349
32390
35488
37739
36421
42896
36274
30184
39954
47885
60208
53027
41686
50645
41421
49796
150931
51259
55756
58856
56504
50944
50123
55158
47649
49932
64797
58352
59361
41187
43106
45953
58696
56647
40997
53428
50260
64349
55056
51932
48533
53472
39336
34048
36518
36056
31514
33212
29717
37602
31587
32422
35287
30587
32468
29707
39261
31755
35878
31736
32534
30948
37775
32301
30378
32342
30002
36826
30624
30329
36632
36928
32070
29323
36582
30611
37051
30721
30078
34266
29559
44670
47001
31661
30760
34133
28333
34889
37622
33370
31792
28834
28481
37402
28237
30926
38784
40054
31672
28567
30124
34871
36920
32313
31356
32550
36140
27589
35425
31498
35951
32090
31281
37341
32849
136801
57577
35234
31921
30532
35162
30241
35178
30488
36804
32096
30457
33021
36905
30836
33596
32164
35563
33635
31842
31618
15320
17293
14600
14325
15584
15164
18509
13776
16601
13738
18976
13259
19130
17450
15147
15193
16314
14157
18485
16331
18694
13746
17723
15432
15731
13566
24954
18743
16061
18035
14566
17614
16398
16750
14719
18475
14441
16763
14368
18071
14328
16335
15564
16744
19953
19473
14345
18708
13428
18219
16577
18526
14160
17638
15480
16172
13900
18090
14850
17473
16266
16379
14509
15787
14425
20942
14140
13229
15445
20992
16291
16444
16063
15473
17275
17095
15635
17026
15661
17600
14446
14563
15339
13333
17157
13549
18584
13071
19521
18777
18777
16237
17060
19591
17842
19729
14620
17598
14498
17877
15704
72035
41682
17503
18861
16633
22138
13066
19259
15644
16633
14219
16797
14953
16957
13064
19006
15784
15009
16033
16768
17983
20244
16770
17142
13658
18320
13377
18393
14637
14965
34400
38329
32238
33139
33120
27944
34069
37744
29597
30956
34781
30113
34579
35816
34543
30675
30210
37613
32295
33337
27187
33514
31185
37486
30407
31413
31280
34337
30116
32204
37868
31304
35075
31295
34258
37464
32095
32024
33695
29489
32067
34234
36313
31451
38821
29751
28055
37285
33740
28867
33731
35139
33654
32179
32934
32628
37923
30090
30165
36504
46281
41510
33567
40606
53728
49493
44902
56521
50607
45668
47344
60317
59321
43437
91379
104259
47596
53543
44192
37608
38840
31198
41926
36548
33627
40167
30618
31600
31880
36773
37843
35985
43387
40443
36657
35314
39511
43324
32418
39352
40163
34813
37084
38758
40582
34144
32444
34242
32846
33098
34716
31134
33644
34891
39915
35736
34515
34178
32918
35419
33276
36765
37364
42206
31825
63873
38213
33047
34700
29939
35855
31572
34049
31136
36725
32764
36066
35806
43942
31636
33279
35064
32842
29773
30976
34295
30833
38654
30439
33711
31001
33502
43828
39405
33173
34047
33756
32662
31821
31652
35276
32943
32581
32778
33214
31200
30224
38405
29631
44692
134758
33230
38389
34899
36264
34317
35786
36794
50194
35218
35939
36771
32158
31432
30465
32611
30422
32216
33218
35540
35456
30685
36386
29264
34521
33057
29119
32622
39449
31302
28695
34705
41624
31892
32231
28602
32161
31429
34582
29728
36504
36961
39930
31708
34308
38104
34510
34392
31188
31994
34654
32727
33189
43373
32105
42474
37318
43096
116198
54832
37754
28960
30242
37370
32683
29955
31548
39493
27870
34758
33050
30249
49548
42837
49077
43637
43389
48406
57592
41212
48510
34574
51715
39765
34362
42135
39389
36353
32874
33734
37436
38669
47860
40387
37204
40238
43247
53769
37856
47043
46599
41507
34504
164281
60323
42455
39558
49599
36661
60854
41552
37776
36820
49684
36504
39457
36114
51194
38584
33618
51713
34604
30526
36638
31171
34796
34290
34994
32902
30639
34277
31278
30370
37401
28976
35509
31657
34001
29146
33018
34123
36102
29462
33293
36260
34244
30540
32659
32289
34009
33717
30597
28277
32266
49173
36797
34952
33734
32899
31470
31970
32895
37579
30410
33093
32491
35369
31888
30083
38788
29359
31807
33980
35807
30464
32961
32461
38941
36411
30502
29553
31286
34579
33557
45708
45182
33382
56244
39189
44558
44053
45660
42621
36473
31291
27747
30087
37462
45368
43426
36565
45752
76661
109664
35852
43706
37241
38620
31456
35197
34987
33049
33115
35457
32251
34865
52187
37293
35442
33586
31689
37166
31092
33368
31553
34916
34630
36358
32356
37237
42818
30727
31530
33698
32176
35270
30363
33938
37724
34813
42466
31230
34321
33726
33802
33594
34377
45694
43633
32688
34846
48335
40196
42160
35912
42461
33578
33562
42544
32402
35016
36810
25889
34386
35434
50470
42968
45885
37519
31379
37072
35985
55467
48239
40807
42079
38528
70395
38286
49258
52425
48916
47427
54108
44328
56650
49273
53376
55951
48007
44632
50590
46221
46686
46497
43759
31835
30927
35073
33431
32955
29201
35118
40946
33234
32946
31566
119377
56554
38688
28771
34860
33061
34362
31046
29009
35486
36084
35912
30675
29842
37422
29836
32089
37987
33273
31843
30388
31975
35881
31090
36160
30587
30354
38861
29056
31185
35278
38435
30653
30991
32799
32560
28579
32006
36782
40056
29805
31499
32071
35169
35104
42911
34762
40227
31361
30091
35091
29419
33213
34471
31522
32674
36456
33425
29360
36501
33341
32512
30326
33431
40355
34619
31932
27991
28547
34335
34908
41522
32491
35787
36959
38611
31351
38195
38376
43698
31255
33017
29739
29432
33702
34671
31842
39644
26836
34948
34337
33392
28625
31771
36153
30460
37147
28111
31218
124921
57824
34037
37391
36360
40069
34294
39918
33329
29883
30002
37556
33083
28914
34890
28306
39353
33755
31959
27611
29652
38794
28824
35984
30351
26642
30551
18968
18537
24667
22177
19849
21399
18779
15756
19268
15807
19338
17051
18965
18962
15247
13425
20859
16554
13579
14019
18276
14726
17771
16785
22747
18628
17655
18741
15304
16525
16330
16580
15131
16284
16149
20807
19403
17654
16985
19207
11931
16740
14187
18033
13924
18544
13047
17713
14889
16603
16200
16376
14147
15200
17446
13445
14777
14401
21083
25474
18346
16128
14933
16459
21875
41363
29427
29767
41883
33228
39298
37959
30716
37073
32063
33445
33574
32057
31848
31629
40318
32211
33801
31618
34124
30058
132402
47919
35091
39473
31576
28239
34051
29616
42107
28120
33374
34029
28359
33089
28596
33428
33621
39671
29655
30628
40614
30908
28176
34550
32438
34307
34429
34455
28953
27208
33063
41761
28171
34180
30148
33066
39859
32756
32746
29172
39086
26758
31273
34667
36315
34309
28641
32607
40993
33443
31579
30755
32641
33911
28263
33069
35969
37108
31093
32748
29704
30235
33802
40046
27425
37813
29649
27512
32716
39375
31105
32131
30197
28366
41403
34315
28738
36990
31357
30805
37833
35097
30592
33898
32863
28053
35548
29933
34624
38950
28086
32626
29446
38938
26146
32641
35117
48480
32706
35717
110425
56348
42648
28725
32180
37408
34638
30537
34930
27204
32756
35548
39921
28137
32722
35264
34271
32547
39705
35594
39420
32624
32396
37008
31654
33401
32513
34151
41297
36002
42645
40934
42697
47975
35340
40501
40516
44533
42180
56332
37832
36479
55427
44368
39146
34769
38335
49743
41181
54221
40578
35150
40743
36419
41388
30431
37044
28132
33079
32571
31135
38434
30389
30512
35470
31757
35542
27806
33120
36568
29927
33824
28316
32564
38206
33410
32712
28528
31912
47866
43269
31343
31905
32583
33407
31981
31563
30143
38525
35524
32054
33104
34080
32772
30413
30320
37867
30708
123737
54650
31348
39397
32549
31168
36820
27159
38053
30855
36523
27399
33884
41408
33124
34230
37486
44614
39633
39208
29572
35194
29446
36481
35498
31485
33811
28905
33899
37785
33165
28441
29782
40003
24581
14526
12419
17819
13580
17180
13303
17115
14699
18074
14494
15957
15094
12779
19607
14987
17593
15052
19290
18732
15631
16509
16212
20577
14765
18624
14964
16648
15533
16345
14320
18715
14624
17494
14100
18445
13735
16623
16455
18677
13853
18381
17520
19171
15598
17500
14241
19258
14263
17984
14186
17518
14963
17853
14706
17507
15549
16869
14295
16596
15713
16841
16415
14651
16463
18804
15825
16593
15024
15563
17610
16546
16396
15355
17084
19548
16561
17109
15383
18197
13096
16790
14564
20493
15312
19169
13991
84568
17575
16364
16435
17419
14485
17065
13491
15492
15981
13996
13893
13786
18282
13506
17322
14206
16049
13270
17730
14024
15041
16380
15374
14903
13287
19508
14061
16895
14128
18177
13864
19988
22181
17839
18203
14800
20076
15443
18315
14125
17568
15633
17066
13906
22629
15035
26858
33659
31322
37805
30102
30920
40464
30291
34795
33386
31721
30855
33078
30705
34985
31409
30609
36648
30642
33968
38813
30784
30716
31875
31916
39917
33441
30389
32391
33948
31215
31124
31093
38903
32969
31676
32622
33435
30105
33476
34654
36412
30202
34362
30697
36724
33544
29931
31361
37145
32953
32619
29101
35328
30469
33464
31239
39770
106686
41015
32907
30760
31275
30237
32196
34325
41813
28715
29770
34573
33478
29194
33932
35788
30366
32109
39823
29263
30217
34173
39321
33400
30544
31942
33965
32684
31519
34155
32296
36630
34508
31023
29821
33380
30877
31764
39132
28891
31776
31021
32869
37417
32403
32825
35606
31244
31700
34830
34585
33842
30764
32416
34340
35071
28877
34773
31356
35218
30642
38970
38194
35662
42297
33673
31055
33143
32237
31094
32894
34023
32158
32824
34207
33561
33829
31283
34506
30961
34162
32281
33318
39621
41867
34644
34768
31259
32310
35486
35121
32801
31141
31446
36219
37185
37980
55477
127208
54814
33115
32724
35329
31785
31169
32854
35252
32710
32186
32986
49821
39010
31597
33035
33391
30223
31935
34069
33678
32972
35321
32080
32222
30622
34970
30989
39807
29286
30158
32292
35316
30319
36955
29924
31583
36770
34126
29133
31120
33323
41907
28544
34167
30770
31286
35738
35348
30801
31827
31979
31538
35297
36355
34549
29239
32163
36715
33766
30081
43667
38789
40652
29425
29077
35989
32640
33944
31517
37469
37425
44235
33117
31625
29814
34431
38934
29402
30945
33383
36972
34572
29814
32224
28796
33522
35615
30771
33355
39041
28909
31107
36422
31159
31001
38554
30269
31986
30556
140001
55919
36808
40187
30170
31295
29828
34394
36121
30328
30949
37606
30330
30270
36523
30423
32289
36406
41478
29092
30933
34110
32230
34232
33656
35359
34577
30450
31243
34286
31909
30253
41464
35281
36821
39892
31060
35567
32602
31092
34678
30290
32112
34729
33510
30540
37802
31125
32946
32095
30056
33887
32937
37206
33368
31201
32283
29934
34146
48386
33477
39108
32955
31904
27958
37021
35423
32419
32122
33446
32671
34104
31380
33884
32672
34007
30524
32002
32154
38618
31927
32114
34656
34532
41092
39224
31345
32109
35425
32207
34192
31938
30412
36004
37861
29385
32770
31343
32803
100455
75501
31628
30063
30626
35444
40929
30154
28876
35017
32199
32267
34323
28804
32715
36487
47872
50185
45672
36276
40900
30708
26870
41278
28947
29305
36118
29735
34690
31841
36713
30040
30368
34093
37234
33344
30462
32092
37612
29777
32781
34037
32514
31145
42881
30487
35423
28519
31980
31806
31914
31961
30695
33174
35225
34402
31179
29309
33878
38678
31859
29895
34816
32497
32061
32852
33786
31236
36389
30293
36841
39320
36515
34821
36152
34346
33380
32154
32788
32609
31006
33422
33919
31263
33623
33981
30003
34337
38546
31312
33327
32378
30577
31988
35477
28079
32999
39605
27940
31477
34613
117747
63835
34091
34500
30182
35005
39623
35359
34408
37994
31128
33496
34306
40232
31969
32528
30415
31567
31997
165407
57212
32122
33974
27905
30874
29360
35496
49489
36720
34018
32277
31419
35561
38405
33363
32474
33709
31268
35489
33197
31146
35082
32090
33220
33655
32179
31846
31010
30360
35280
35615
32465
32702
31330
35444
31611
34259
30512
35269
31261
35635
31973
32742
27447
33127
40112
29383
28916
34046
37084
36404
31545
35782
31440
31162
38241
29527
30641
38522
32290
31962
29715
29948
36923
35819
31607
34160
34473
30788
35361
29051
34493
30274
35877
36466
30821
31151
36819
31117
31940
123124
59040
31936
31296
43184
28008
29839
35344
29979
41156
29872
28852
31263
37142
39623
28326
34145
29359
32275
30547
32781
32623
37165
29210
31984
32874
35135
32968
31268
31190
31703
34469
36294
33226
29231
34341
38987
27238
34061
29525
35105
34741
35936
32216
31819
28967
33579
35561
29825
32025
37047
33088
27475
31945
36399
34791
30151
38338
27872
33111
36616
28125
31951
40126
27696
32206
34194
31673
32616
37620
29279
32780
40994
31545
32600
32451
26844
32827
35231
33065
31621
46174
33803
35981
34341
33587
32446
33770
31570
34966
37132
29920
30703
30984
40540
29703
29446
36324
30334
31548
44544
39831
144663
47319
42793
31964
35113
32069
32149
35267
31292
28897
37609
33527
28409
38823
37105
32956
38330
34926
37834
30091
30420
31479
35546
35750
32094
38563
32648
29008
41820
35861
36478
40694
26480
31248
35643
28916
35601
50176
34696
34281
31642
32008
36886
30599
34267
34734
30197
29849
32524
38949
36756
33034
33117
31585
39535
35454
36110
47194
44503
31967
30273
32207
32848
32323
38070
30007
34446
34773
33028
31547
34980
30347
31587
34090
32468
32242
40441
28087
34302
33292
32204
34259
32227
34542
37174
32409
34926
38752
37656
31174
30009
36625
31660
30557
31592
37569
28782
32865
39403
29282
103817
57580
47356
42704
29841
37061
36786
37174
37256
30961
26646
36210
32829
27905
32050
37561
30790
35915
28700
32129
38876
29445
33940
29313
32066
39777
29841
31411
28692
32208
43882
32414
29692
31945
27583
35022
41654
28412
35028
36086
27302
30467
43814
32516
27165
28852
32278
34999
37295
31969
26833
34874
34164
40083
30296
27593
37310
36004
31947
32678
27775
31268
44538
27917
31488
35653
39453
27184
36381
33718
31684
36702
32142
30240
33942
35108
31592
32182
29484
34412
30246
32986
37226
30395
30911
38352
34735
28919
30958
35307
32040
27521
33714
35356
43081
29496
32714
30750
73882
90340
37072
40526
37633
30590
33085
29397
39082
29860
31219
35491
31895
37651
33170
31725
34094
30782
30778
32559
35074
38395
31964
25619
14124
18998
12721
17705
16364
16266
16579
21592
15463
17843
12797
15879
13748
18625
12400
17503
14269
17918
13366
19502
15099
17025
13803
16122
15047
12684
16872
13811
16625
12599
16579
16282
20866
11072
20602
13482
18223
14135
17091
13404
19369
14548
17658
13878
16613
14070
13427
20741
18166
17776
18754
14681
18689
14397
19496
13192
17485
13687
19028
15685
17072
15107
17545
14275
16896
17109
19246
15394
19006
14639
17456
13890
14030
15042
14488
18153
13206
15609
15505
16052
13311
19071
15548
16820
12532
17284
14927
12862
14970
14050
19025
13820
17987
13921
17513
12835
19829
14124
16616
13908
17713
15071
71690
29535
18804
14437
18522
13645
18104
15770
18230
13085
17839
12461
17237
16495
13738
17772
17639
14655
14522
20309
13542
17561
13435
18749
23671
16245
19041
14235
16794
14969
16631
15516
14030
19707
19599
34014
33708
28170
32840
37863
28930
39803
29739
30191
33896
34999
29527
38934
30703
30721
28789
34252
37474
31186
30863
34996
34952
28307
37447
34244
34227
28936
30020
34149
38868
31857
31839
31404
30424
39432
27285
35236
36821
37742
37718
34938
35443
32219
29767
36681
31070
31485
39510
29075
31353
39255
40275
35800
49190
41814
31981
33939
32218
36343
38470
44218
33245
37404
36638
34961
31004
36936
36379
32087
33078
37852
39553
30973
125562
61234
31618
32832
40823
31799
31918
31912
32288
36323
32983
30023
34865
30046
32475
36970
32251
30969
31109
34063
36487
32456
31738
30916
35445
32073
35684
33469
31734
36333
30201
31353
33198
34937
36425
31526
32263
33571
33199
31413
30098
34183
39457
33063
31787
31091
30813
37789
29901
33029
34498
30096
38521
30844
33767
29125
36546
33161
30921
34850
33958
30364
36622
31217
37206
37209
31498
34221
33591
35481
35672
36022
35403
34539
29204
28752
36036
31029
35317
28786
36023
36716
29535
27478
34396
36128
36391
31743
35379
30036
32136
29194
30020
38270
38419
31963
30488
31592
33359
32897
33911
117363
55286
28874
35522
29043
29356
34186
35848
29383
28997
33512
35448
39464
28880
32377
34357
30326
33060
39952
29574
33449
34637
32318
27653
35329
43024
34210
38792
31725
31572
37720
32092
33675
33976
30531
31792
38037
32199
34635
30033
32749
32613
35840
33047
30808
33470
35163
32315
33002
37345
31394
31314
32865
31802
35645
31801
31973
33318
32144
37342
41186
35614
39046
31790
35094
30915
30848
32980
33585
36384
29457
32092
32235
33227
33226
32708
42595
37683
36553
32168
35193
31827
31218
33652
31958
31439
35390
32368
35877
30968
38616
30717
30928
31383
38829
28620
33689
33800
34057
139437
38212
40707
31574
32006
32056
32236
33416
32345
29768
37838
28627
30758
32681
40081
33807
29150
31108
31835
35037
32602
30380
33135
38144
31267
31546
32504
30808
31875
39598
28772
32281
31229
32774
37597
33691
31700
31219
39743
29263
28866
35870
28864
37834
32204
33710
30983
39937
38359
32910
35398
39571
29554
34037
30598
32588
32690
34099
37142
29418
32379
32253
36941
32369
31211
33527
33539
33325
33180
31317
37600
40008
34964
35734
31626
30948
36427
31173
34570
31855
35363
37912
30731
31267
29075
35809
32738
30178
37191
33201
37013
34547
31928
30197
30151
37379
31381
29365
33260
33707
119154
52377
31459
31821
34383
30067
33956
35273
31357
40848
40323
33440
31469
33626
31579
37756
33596
30260
31118
32599
30748
38483
33891
31711
31187
33993
34415
32893
33280
35291
31280
30498
32893
32956
34004
33251
32888
31521
33914
34858
40433
34589
37563
30456
36072
32151
30789
32730
37373
31370
29674
36874
34403
30269
30470
33998
37894
34789
33527
30544
33722
30615
31998
33926
31773
33061
31948
34378
30924
32564
31577
34483
30939
41273
29261
31814
34169
31269
29417
36553
27726
37541
38278
32552
33064
27555
35185
34115
28798
33744
36517
30894
30488
37675
32314
29497
35890
31877
84688
81501
35345
36121
39162
27475
35175
29812
33148
46956
32219
37051
41952
31544
42100
32729
36578
29598
36401
31050
32030
33183
38266
29475
35110
30973
32701
35798
30668
31393
34933
40601
26794
32362
30647
47791
47213
44435
42568
41976
55057
37959
35681
40865
33646
31293
38073
28130
34716
31162
43121
28415
31653
32720
31388
30660
33730
32731
31466
32533
39017
31442
32674
29716
33096
42704
33835
37513
36526
32947
31345
31328
38214
32722
29483
33778
34516
29043
36662
29137
34302
34693
41149
29496
28580
41500
33881
35496
39255
32965
35014
31692
33317
32154
34368
32711
33259
30392
36797
35730
30434
30034
30721
125676
53822
32564
39171
32557
37955
29662
31380
30020
31983
34338
31111
35905
30452
35181
33195
32169
30970
37729
35547
30163
31375
33348
33361
32529
31646
32249
39979
28689
28865
37031
30561
37739
30512
30773
37233
30762
32162
29202
34631
37877
29510
38147
31446
31669
32078
29013
24109
15580
18232
15952
18195
12688
15528
15516
14740
19102
16138
16339
17132
17039
14257
18316
15553
15597
13661
18169
14275
20714
13564
16255
13526
20474
14091
17864
14869
18509
15270
17151
13341
21463
14471
16651
14694
18585
15588
17257
14675
16948
15534
17006
13019
17422
14413
16670
14082
18352
13424
18929
12618
16409
14879
15863
13788
15067
17372
14246
17744
14566
16659
18131
17262
15197
17008
16437
18352
14359
30111
35622
127167
48865
32837
40405
33643
28754
37078
35198
34191
28431
29842
32783
37555
29362
33969
30503
34413
50027
34632
32323
41579
39575
37068
30164
34534
30103
35384
29577
30424
34686
37439
30104
32796
35450
37845
27926
33848
39249
33547
31215
29746
29518
38138
35220
30855
33742
32447
33538
32020
38033
32022
33084
30779
34303
31999
31143
30273
35897
33713
31945
39011
29508
33575
34395
32214
34528
32484
33597
31964
35462
31159
32437
32767
31909
47693
38147
35597
31550
34027
29140
31580
35760
29584
29855
31754
40818
29869
33266
30558
30760
39397
36579
35238
44219
34850
39665
49498
45954
40053
129436
45373
42147
35029
34510
34409
39324
35669
47689
53702
30999
40703
38756
45595
35906
45940
30400
32936
31958
33771
51917
40109
45327
50792
49344
49073
66913
56447
49493
43170
43662
40917
41699
35607
29172
26061
36290
36201
30638
36348
27980
32235
39163
25745
51861
35049
38825
45957
33588
35601
56644
56844
63518
38506
33838
38489
44523
41536
36109
30929
31633
38156
30264
30635
38796
29136
30536
37529
30342
32483
38166
32877
32567
29128
27921
33125
38091
32407
31920
35170
43715
44375
39155
43331
45645
35277
33831
36668
35912
48962
31261
36392
123720
36759
61154
31792
29000
34225
32301
34241
30567
34490
48497
52159
58355
51599
39505
35717
32452
34040
38966
35712
40420
33597
29208
32279
31700
32888
38109
33288
32341
44252
36642
33008
29529
34768
34718
34023
34078
33226
34456
31627
34264
37095
36431
37935
34055
48855
30986
35377
36199
32461
41969
45020
30477
30275
33511
33975
31907
32364
34878
31328
32556
39322
31977
33893
34556
39127
37234
35795
29870
30797
36905
29489
30911
31078
41483
30988
28749
35355
29689
37202
27807
37124
32282
28901
32887
37877
34271
28542
38469
38962
37400
39634
28647
120184
61037
38890
34792
32073
31329
33243
33310
32310
27679
34416
28075
31312
36634
39844
28812
30626
41793
26455
36068
31587
29595
32998
41674
29921
29975
34739
29716
34811
41444
29813
37022
32229
30162
27355
34041
38570
31131
33147
30361
33696
31795
32842
34440
27307
32213
34419
39940
32968
27316
35274
32625
28191
39000
34531
35806
30238
29770
29587
39787
25285
37797
32688
37604
30834
39422
36580
47385
34019
35079
38787
27950
37439
26867
29476
37352
37231
30735
32029
35000
29019
35516
33175
30665
33811
29580
37362
29813
32892
38863
36584
35378
34294
42652
29828
34891
34153
33638
31201
31713
33165
118974
52109
29524
33508
31585
35649
34137
30230
33205
30916
32368
30623
34231
39494
29768
30063
39674
32423
40007
38200
33867
32115
34649
32911
30880
34960
31115
33076
34665
33483
30946
32255
37230
33589
35473
31869
33988
31782
35424
31166
33691
30569
39417
35187
39341
42114
45506
42943
41954
49058
34085
40980
40244
37868
49822
49263
35442
31733
35414
35928
29830
34014
28531
37229
32613
29986
92417
81452
43735
55754
42549
38235
36215
54081
35576
42405
35972
30638
31534
31286
42734
93150
133083
78355
43240
54359
45304
54798
59827
43692
198017
84009
44111
45591
49517
44431
46138
42017
32785
30298
30861
38149
31286
30896
33380
42987
32931
53355
39221
33564
44608
52559
73015
76457
63876
72999
74157
46816
47284
57265
52013
50312
51938
47902
69351
76193
58274
75150
84915
87182
70590
56082
71172
46654
46772
65988
53744
57449
40350
45444
46855
46223
45041
42617
36760
36074
32517
39925
34717
36328
41016
39885
55829
33519
35600
38520
40625
34070
41019
35187
48897
37802
45014
44703
38588
35082
44990
39693
36886
34419
37708
43797
33942
34379
33670
42566
34271
36207
36851
49712
40805
37983
34243
41302
32126
32632
42077
35269
41294
35323
38476
39818
34107
38468
37541
152216
52744
32648
38836
43565
31715
37822
41519
37231
41413
36731
44066
32585
44104
34179
32041
35066
31615
36637
32134
41932
37076
33906
36178
32275
32412
48789
35576
36805
32628
32729
31136
38290
57477
42226
52267
39479
34270
64045
65918
44463
61465
42791
60966
54172
58639
50200
47832
57479
45941
43707
33978
35774
40482
35693
42228
72406
48331
65526
83779
45731
206198
81982
53749
48640
62068
55344
62617
51742
46460
53946
62852
41451
49409
46421
73008
46923
49199
50331
51389
45247
41002
50432
43958
37925
41721
44297
49712
61403
56659
49833
55379
43297
49882
45083
39868
45561
74083
78352
38319
241759
54480
45401
41672
39515
58031
64432
50357
55090
45916
43735
44096
35235
53245
105857
77899
92482
74257
87409
66230
48063
69819
60766
57106
70820
107440
191578
205698
102482
50018
76560
64581
80835
75064
65046
51290
73797
61929
57078
62101
43713
64649
48315
69335
63796
59640
87211
100904
74119
72458
53478
45727
59847
69953
64562
54381
97156
101341
101791
142184
69796
61574
70565
108585
96199
64668
52734
72148
60796
46948
45527
55267
58716
71157
63101
52479
46488
57531
48240
44952
47972
66514
79677
67915
61476
276196
126622
82715
83302
96989
53574
74927
56751
60226
236523
137582
62484
71158
89522
48618
66297
206997
97255
49650
59883
59179
61561
71450
99643
58769
66854
65147
66249
81236
127046
146585
63944
54329
56506
52116
61770
64296
54924
62963
45678
46812
59946
69665
87815
75755
58084
47136
45727
47999
49589
47074
57097
42706
49813
47844
51956
84819
108502
66597
48459
67051
73665
74394
94001
260110
68415
102248
84666
74327
60152
71937
68518
90289
108060
98872
126416
68064
60506
77452
96538
106457
149024
200608
194210
97854
119379
121998
120216
114636
168458
184545
85876
64502
49466
61426
64370
72860
69131
73847
81978
98259
78885
58950
50052
60854
51639
52888
110232
53510
54901
50133
66822
46873
54398
46748
51511
44719
59289
39537
39781
34038
35861
40921
42399
36501
43670
139841
77378
39210
36122
40714
36799
57217
36537
30660
30865
33656
32933
30429
40098
31503
30773
30739
40733
34217
33086
36223
36931
35365
33724
32545
31967
36776
29421
34986
29096
34807
43996
36157
39010
31319
36635
28482
31810
34009
32383
40740
29114
39009
30974
31270
30543
34033
38498
31339
28684
43332
42178
27957
37006
31114
29290
42155
33464
31730
35789
36536
36462
47867
34012
39720
31640
34676
28882
33938
36236
36191
31090
31354
33974
31987
29010
33194
39266
30659
32401
31207
29001
36827
34718
30969
32635
31032
29092
65692
34115
43690
30100
33025
29822
34962
32399
32045
35099
35943
31937
29792
97325
44218
44894
28531
32974
33675
32649
34390
31239
30747
35113
40680
32380
38961
30955
38022
41883
31584
31995
29362
31378
28614
33206
35932
36321
31470
29991
34026
32444
34398
29128
41056
39501
35938
40197
32828
35185
40098
54127
46598
37792
30993
33738
36566
35271
36627
41650
37196
51854
38661
36837
39055
42603
39236
38772
42432
38405
37271
42390
37813
40960
39592
40914
35800
36140
46949
45830
44175
50706
49283
44701
39754
35786
39217
31603
32686
30379
32191
29663
31203
39568
29505
41287
44130
36210
33197
31534
35310
32039
48515
30950
30861
32639
28938
32221
39674
31421
33465
119491
59847
35273
32340
42863
31428
28038
30528
34391
40058
31006
29935
33854
32231
35973
31635
32932
34394
31928
31130
36125
31158
37766
30593
32528
34244
33864
28197
15569
17212
18556
16424
16080
14525
16187
14582
14844
21008
13127
15074
18028
18920
17677
14074
12500
20168
13109
14776
14300
16938
17381
15409
12921
17102
15220
17533
16271
16947
14875
16961
14322
17655
16643
17578
14536
17902
13758
15657
16898
16232
16147
17769
15176
16284
16248
19864
15845
16864
14420
16752
14820
17097
15108
19884
15073
15386
14054
13282
18803
17869
14202
12132
18332
13540
15483
16564
18036
11996
20047
13885
17817
14822
17592
13944
17075
16316
17182
14106
15687
16054
15291
13428
13859
18629
17950
17289
13984
15816
77467
22473
14602
18833
17892
21228
20124
13836
17493
13850
17317
15899
19357
15754
17772
15168
18281
15029
16600
13135
11841
18007
12484
18996
14655
18732
15812
20311
18126
15773
16370
17137
15386
13217
21682
15778
16437
15090
12888
22428
16620
16507
17358
14025
17958
33546
30073
35205
33970
34452
32063
37473
31352
27837
30718
38136
33393
31277
29788
35619
32755
30634
38626
38910
41145
33841
33361
31967
34387
37738
32188
40464
39549
36601
32255
36103
37888
40749
34126
41100
36668
30832
34885
38877
32715
38725
39356
31601
32646
34924
30484
31000
37556
34083
32287
33284
30520
31616
33439
33247
34839
31448
33349
34937
29780
101484
50649
42699
30538
31722
37726
32606
31526
32098
34371
31020
37480
31146
32880
32602
35462
33259
31246
31531
31590
32252
37117
35512
29646
32138
34879
32353
32540
32184
32598
31547
34986
34265
31334
30491
35640
36529
33012
29801
32019
30997
36562
35677
33206
31440
31743
30702
36050
33437
30044
33887
34880
34655
34342
32003
32150
34210
32747
43888
33922
38601
29338
36099
33153
31211
32373
31892
46460
35389
40269
32188
32835
32065
32430
32742
35061
32962
33379
32383
31313
35554
33547
30650
37637
34677
30423
32004
31196
32571
31627
32894
33533
32267
32007
37367
34127
31111
34328
130407
54770
31895
32290
31307
32604
32376
26741
29251
37868
37419
35063
32215
31800
31546
38189
29468
35586
30439
34790
29257
33145
36366
33889
33081
30671
31799
33980
31131
39566
28587
36158
31050
32252
30254
37779
33112
28837
33293
46310
39473
34149
34350
33362
32609
32626
37908
35063
40356
34035
32819
33241
35446
32322
40668
40452
36440
32085
35024
36733
37277
38368
31445
32974
36898
29734
36863
36953
34295
39266
40885
50675
40078
32900
32418
36247
33315
32444
31374
32997
31716
38778
30677
33710
31070
32541
34297
30535
31706
36046
35592
31842
32125
33219
32364
35797
30620
35995
121535
70023
35932
33941
31662
32273
39900
27745
31249
34379
35431
39240
35293
35823
40570
30516
31458
34789
31114
34561
29405
35551
28490
35892
36120
31012
37411
28018
33965
33928
31133
33457
33417
37061
32874
28941
34011
35932
31529
34495
31231
29615
32827
34634
41407
28215
33789
29318
36112
32486
30772
31052
34431
38494
33364
30655
29761
29342
34387
34969
33921
43481
32744
34417
36549
32433
33293
35240
34227
33766
34257
31568
29199
33756
33761
34366
31825
28802
33162
41313
29083
32289
38207
31140
32370
32178
31963
37504
29043
32798
35049
30723
34383
30364
36591
32608
29161
34605
34797
37329
34481
27614
34197
126478
49390
34482
34811
39397
30397
36928
34389
28148
29869
36078
38017
28352
28326
35668
34576
31150
31123
35056
37800
30685
30519
32505
36887
33076
38168
29080
32933
32646
33313
31888
31103
34724
34802
31908
31096
37012
32181
31788
31983
32051
37492
32742
30563
30519
36827
32278
30269
29480
33738
36102
32457
30797
35595
37936
33270
32785
29159
29820
34257
36014
32175
31396
30100
33931
34838
35083
31855
36262
32913
31025
33005
33881
33476
30387
34551
31191
33836
29415
34033
33398
35612
31899
34209
32493
32788
39882
28779
28661
35738
34412
32788
33862
33505
34848
29424
41273
36064
33751
35504
125042
48332
42155
38555
30681
29481
33622
35526
30667
34116
42401
32388
32433
29226
29757
32946
38744
32918
31620
31398
34198
33102
35789
30850
28508
35369
31322
31703
39878
27988
31657
36019
29930
34428
33084
28793
35188
44371
31318
33971
36428
42702
28073
29712
36329
31532
33513
29835
35288
42734
33123
39654
32057
36479
42521
36700
36460
30806
35571
29982
30782
42421
27889
31231
37999
27906
37192
31468
30162
33260
39482
33332
27449
29657
33057
40864
27686
32603
42150
30550
33256
30851
31196
30522
36298
29608
33311
35441
34292
32868
28353
36333
30381
33883
39714
27263
30369
32759
48230
37348
35151
33508
137459
47401
33953
32215
38980
37767
50031
34559
31863
31563
39738
27589
37932
33249
27804
30904
37512
33786
34081
28141
29051
37774
36794
28263
36627
29857
32221
34325
33821
34454
28930
36083
29247
34753
31800
33448
39744
35612
41500
29884
36533
33134
29517
34325
31170
36142
29646
33749
39045
32604
32441
30368
32591
34613
35238
30027
36246
29600
29487
37557
32936
32917
41861
47935
36598
38799
33055
32114
34518
30876
35573
31810
33097
29753
36923
41230
35847
34443
35463
41082
34321
30731
28792
39596
30518
29017
28532
35638
33899
33133
38390
32423
29499
31030
31423
35070
36712
30144
37115
28401
31253
129874
52612
34290
39412
31607
32170
29585
35283
31936
36164
30422
34012
31563
34857
34873
32442
27905
40509
33910
27841
31092
33965
30167
38856
32013
38810
31999
31109
30575
32275
36273
29423
33939
32490
31178
36946
35382
35618
32554
35729
34826
37891
38748
30523
32612
31633
32988
41564
45186
36213
35359
33515
38623
31888
35798
33846
30184
29671
33386
38727
28804
39340
27415
34252
32694
29983
36690
32382
34029
35200
27408
35775
29833
40179
28213
35550
33205
28215
32452
33038
29288
36756
38003
31516
34288
32091
32397
34177
31553
33770
32366
32019
30735
49234
43368
35237
43703
115774
41200
48183
32497
30204
30767
35682
29645
38848
32354
28491
35254
31315
39423
31068
33997
29917
31101
33558
33312
37454
31888
19357
13856
17175
15283
16509
13585
15846
15269
13171
19418
14080
14697
13410
16519
15881
15500
13335
16262
13697
16568
17074
20607
14441
17436
14624
18549
15788
17258
14461
17198
14795
14266
15635
17707
16290
15422
16343
17559
15472
17663
15209
13025
15730
15029
16333
14592
15750
15309
16615
13108
15964
14680
17485
14448
13833
14004
15401
18108
13003
14731
14380
16557
13155
18089
16716
17051
13567
16205
14974
13314
16154
13608
19567
12891
17169
13396
17721
14113
15998
13814
17717
13476
16184
17462
16424
14593
13753
16589
19306
17892
16902
15485
16483
14348
14957
16506
13018
14514
15710
19719
12655
20851
76643
22875
14186
14644
14708
16090
14627
16072
14447
14572
17454
12670
17649
13040
16356
12883
18252
14911
17416
13814
18297
16543
17485
15711
17627
12612
20786
15099
16273
15986
15907
15002
16670
13500
15914
13589
16579
21187
29305
30412
31733
38701
35320
32634
31640
29230
30889
35558
31055
33563
37462
29728
41706
28983
27724
38772
28556
28300
34634
36414
28841
33916
34549
36750
32895
30805
38310
31708
32225
33012
29527
36685
33052
30421
30141
33621
34984
30359
37774
29740
34945
31392
29848
36488
30797
34181
39586
28813
31990
38820
29500
30906
31270
33660
33699
33611
30527
35415
30762
37152
30010
33079
38057
32830
31697
33207
33480
33272
38972
43563
132497
64458
31748
31533
29807
34767
41913
32009
36598
36381
43419
32213
33483
33379
32369
34204
32606
33786
36400
38326
31142
38772
31731
32154
33203
36428
26974
29686
31502
37831
33771
29314
33039
36809
33249
33841
33501
28888
28959
30774
39117
32454
31880
34702
31043
37821
33260
30160
30813
33546
33712
32143
35489
33255
36221
30247
30173
34371
31353
32274
32851
33090
26840
35913
41218
28190
29271
36161
33092
29680
37287
31175
30329
32848
40746
33401
32037
29692
32376
27418
36310
43766
33432
34937
35555
34677
38499
29916
147266
52124
36355
29118
33100
32122
36972
31683
30584
33549
33080
125907
58523
32642
29780
32284
40181
31059
28322
39388
28355
30301
31207
36232
32176
37814
31680
33202
30059
33165
36017
29432
31901
36856
30519
42268
31645
28234
31551
33644
32617
29543
38463
28953
32055
35850
33551
28879
30570
37413
34612
35318
33669
32725
28730
30823
36123
39428
33085
29978
30843
33937
33856
28117
37403
28715
33871
36291
35013
32184
33147
30596
30557
37751
33909
28036
33746
38359
32561
27753
33731
35986
29515
43983
37055
39027
33099
33844
32638
34567
34084
32245
30821
33258
32470
32182
35033
32727
49724
40597
35317
37665
30900
39093
36157
32814
32175
29182
35521
29927
30985
36549
33560
30244
124209
50875
32567
31697
37629
29391
32193
30849
30422
30745
32667
32464
30555
34734
39523
28744
30808
37963
34326
29678
31807
35692
34474
31214
30966
34637
36379
31137
33083
30754
33596
30894
34550
31874
33831
32330
39369
29077
30571
37344
33881
37323
30429
34516
31409
32799
30001
33754
31486
32289
31956
33707
34332
31708
32833
31430
37688
31209
33290
31247
38865
30707
31853
33248
33227
32838
34298
34876
30506
34912
36376
34548
36644
35008
38601
31861
34770
30702
31453
32711
35220
29661
31808
36860
31544
33880
33919
30089
35597
34556
29688
31524
36771
29798
34884
31594
32695
34101
28834
123230
50096
34208
30859
30518
35708
30007
31999
34081
36795
28427
35208
30289
34195
35180
29630
30880
39416
33093
32531
36039
32921
27625
31550
33674
40693
28601
41168
51929
38697
31908
33793
30641
33139
35706
28670
36704
30949
31522
34282
31741
36166
34121
32499
33161
29551
36218
32649
32893
33570
31002
35833
33312
32190
32328
30877
35188
49632
52592
41189
38292
35385
34311
41068
46124
39100
34518
32446
35491
34820
29729
32646
35402
32548
39158
31262
30630
29356
34502
36176
33854
29844
34562
31392
36835
34473
28818
31730
35887
33155
30577
32683
38982
28383
29290
38528
29252
37720
30533
121767
56243
37305
29552
40152
34896
32719
33312
35280
34830
42340
33079
34990
31159
32642
29564
41948
33580
55081
36517
31269
34794
36377
29766
35388
31052
34345
30547
36698
33078
30732
37131
30850
33733
31414
36906
29678
32874
31469
35906
34820
31419
31194
31649
33537
34110
33001
41626
33724
36249
39878
28771
35135
30413
33803
33249
35101
34771
36280
31790
27966
34959
29645
33172
35391
31047
33538
36877
29671
38626
33648
33249
29840
30678
31366
34256
44692
35580
35289
34783
35652
29077
37730
31117
32896
31412
39315
30868
32320
39465
28992
29288
33604
30991
38540
36327
34422
38966
32047
39234
31552
32263
30691
120352
48951
30210
34645
31384
30710
34697
36737
30911
31202
37794
31050
30389
30418
33848
37155
31519
29261
34720
31187
35632
31807
33327
35497
30787
31461
33830
33728
33162
36029
32049
33290
32161
31477
37928
33592
33201
31886
32943
31724
31555
38231
32525
29720
30693
31621
35385
32862
30430
34164
36087
34080
29779
39650
31316
31555
33080
29488
34530
32016
40471
30835
33189
30212
33394
31659
29848
33549
39086
28657
31610
34646
33546
29895
35468
31752
38995
30046
30248
36653
30498
28905
33837
42843
35418
41867
29913
34638
33648
28663
32690
34129
40084
33870
27729
31629
39161
29285
29786
33159
128147
48658
32026
31331
26713
32552
43661
30776
31233
34966
29435
28581
33751
29863
41764
30958
35053
28630
29951
32039
39274
26861
33005
40743
27672
31137
34206
33195
28212
38184
31545
38540
29501
34935
28018
34015
34778
30743
35479
32152
30455
35331
35484
29545
31190
35684
33487
31019
34780
30473
32354
33784
34158
29487
33014
37450
30877
46496
38254
31410
37103
31824
31327
37223
33307
29039
32851
38066
37295
38706
41735
29356
34972
26404
35807
34907
30605
40898
31905
26072
35365
32176
32324
29625
34886
29597
38139
29413
35067
33099
34501
29065
35001
36707
29027
37737
30260
36813
32179
33709
31668
30522
130999
48267
41620
29478
32919
32994
35364
30743
34137
34154
33072
31745
39669
32793
38109
39802
29361
33080
31362
31202
38350
36294
32921
27748
27946
31464
34173
37248
40124
32283
26600
33712
32449
27703
31060
36025
34144
43394
25996
31038
39916
28157
31206
33080
36316
30374
31826
38621
29964
32083
34196
30064
39956
32790
28938
31130
33992
38793
30391
33593
31705
27558
32144
41064
27133
32635
50483
37809
32246
30630
33149
35126
36570
29449
32989
32842
31493
33463
37152
34319
30766
33244
31144
32272
31145
40806
28105
30733
34099
40530
32318
36148
30971
38693
39472
26778
30344
36382
38698
30791
33264
28311
31725
138618
36622
31445
30442
30944
35958
33824
28768
35981
28465
34771
29138
35620
42054
29637
27476
31224
37119
34284
29273
32395
35536
31607
40078
28528
34500
33605
36330
40935
43094
40730
34614
34400
33297
37348
42995
34204
35943
36588
36557
46428
39868
38154
33294
30465
33964
33011
36138
33099
30753
33499
32257
32715
35494
36024
32992
34954
36341
38362
34272
34595
29897
41936
36537
39421
35412
31650
32736
33557
34635
34073
31136
33913
30894
35515
35086
30382
32961
33407
30830
35930
31432
31824
38627
31928
28996
34807
35585
30182
36186
32213
32242
40002
36613
36794
145978
36697
31335
40210
31985
37371
32594
29214
31370
31398
36193
32181
32673
29650
46228
35979
38975
29299
28507
36023
39057
35302
33190
32663
32515
36333
38628
33350
31162
36083
43344
30285
39927
37003
31056
30354
43831
36500
40971
28231
28327
36878
35338
33758
32193
35483
30177
32777
34578
31564
31393
40425
33943
38271
32605
35027
39460
30934
32458
33094
28939
34314
29145
39627
30178
30930
36286
30967
35218
17370
15982
14044
19973
15650
16698
13369
14867
14407
15685
17412
14684
19442
15759
19602
12842
17308
16142
20351
13701
19448
12743
21795
21541
15796
16936
13550
18513
14422
17115
14312
16004
15913
19806
14785
15822
14495
16541
18721
18502
13503
18862
14698
17096
14077
13309
14936
14255
76024
22205
17971
11449
19934
14372
18676
12556
16998
13219
17061
15016
16434
15431
17821
16379
16231
18101
32063
31615
35431
30766
33159
48905
37641
33652
31270
30831
29879
32546
38307
29591
27401
35419
40989
32401
29689
31982
30390
35671
35243
31614
31931
33995
29133
37064
34852
30947
32200
34411
32951
36672
30712
32464
33441
30082
31047
33909
27823
30634
34380
47289
28305
32023
29656
35564
33108
32396
30402
32100
40941
28732
28539
31220
39851
29343
33598
43390
29223
30839
30142
37047
32654
33120
34645
30489
29213
33952
28923
32555
39719
30567
38276
29047
31645
33171
30301
35319
33665
27263
35354
35798
34025
114707
54441
35638
32576
33713
35428
34579
34119
42240
29104
29729
29957
34244
34938
41937
35647
39009
29587
44787
37041
34495
37235
34471
31010
31472
34267
34615
33711
29855
33190
30419
38091
29976
36515
32275
31161
30604
39363
31785
31556
32029
31047
36268
34315
31185
33965
34334
34267
30779
32706
32634
32946
31441
36260
35140
33021
30095
33644
31706
37650
30171
32236
31253
34539
40614
30502
31157
32338
32444
32163
30904
37920
29579
33751
32623
31744
31458
41067
32441
29377
32768
31079
20354
14749
16724
15198
17129
14093
17002
14743
16191
15350
20085
13998
15759
13224
13538
18634
12578
15927
14130
17464
61271
21966
19952
18720
13917
16651
16223
21064
15539
17610
14333
18560
13417
17060
14144
17438
16226
16861
17657
18449
14368
19972
17947
16714
16596
20489
14640
18584
16184
21268
16817
18076
20880
18380
17293
17208
19051
25131
22310
21474
16907
20298
37622
35422
38159
40170
29788
33729
31388
34249
33035
31504
42810
45540
30002
30183
31635
34703
31246
31148
39645
33421
34375
30415
30767
30223
38519
33038
31337
32946
35430
36497
31482
31294
33203
33543
33345
32014
30810
33208
31868
39796
41211
39584
44077
39038
46160
39669
38702
36369
36642
37725
38801
36797
40371
42926
41652
40535
